5 0.3231849890625 0.3505859375 0.23467230468750003 0.346615234375 0.17660359375 0.5192617187499999 0.278646934375 0.5286328124999999 0.3231849890625 0.3505859375
5 0.4083160671875 0.3505859375 0.3220581390625 0.350521484375 0.2831575046875 0.523427734375 0.3857642703125 0.523427734375 0.4083160671875 0.3505859375
5 0.2811839328125 0.523697265625 0.22283298125 0.800390625 0.3508107828125 0.8014316406249999 0.3846374203125 0.5317578125 0.2811839328125 0.523697265625
5 0.5574344609375 0.08619726562499999 0.5650454546875 0.15478125 0.6338266390625 0.159986328125 0.61747674375 0.083978515625 0.5574344609375 0.08619726562499999
5 0.670472515625 0.08189453125 0.6180412265624999 0.0875 0.6287526421875 0.15686328125 0.6941511625000001 0.15790429687500002 0.670472515625 0.08189453125
5 0.5665961937499999 0.159115234375 0.577449259375 0.257861328125 0.6524312890624999 0.25161328125 0.62988055 0.15582226562499998 0.5665961937499999 0.159115234375
5 0.6958424953125 0.1589453125 0.6287526421875 0.15478125 0.6513033828125 0.2536953125 0.7279778015625 0.257861328125 0.6958424953125 0.1589453125
5 0.32628646875 0.088802734375 0.30063425 0.159986328125 0.3694154328125 0.15790429687500002 0.3846374203125 0.08918359375 0.32628646875 0.088802734375
5 0.3016205078125 0.159115234375 0.2656797046875 0.248490234375 0.343480971875 0.25682031250000004 0.36659619375 0.162068359375 0.3016205078125 0.159115234375
5 0.5856236781249999 0.34921875 0.606201903125 0.533896484375 0.71162790625 0.522443359375 0.6727272734375 0.34439453124999997 0.5856236781249999 0.34921875
5 0.7623678640625 0.350642578125 0.671599365625 0.35182226562499996 0.7088086687499999 0.5255664062500001 0.8193097249999999 0.5255664062500001 0.7623678640625 0.350642578125
5 0.7152928125 0.523697265625 0.7753350953125 0.81294140625 0.91289640625 0.816064453125 0.8210010578125001 0.5276484375 0.7152928125 0.523697265625
8 0.4238900640625 0.15625 0.4323467234375 0.134765625 0.4376321359375 0.087890625 0.42283298125 0.06640625 0.4080338265625 0.06640625 0.40169133125 0.083984375 0.386892178125 0.08984375 0.37949259999999996 0.109375 0.381606765625 0.13671875 0.387949259375 0.15234375 0.4186046515625 0.158203125 0.4238900640625 0.15625
8 0.3773784359375 0.251953125 0.4048625796875 0.251953125 0.420718815625 0.228515625 0.42600422812499994 0.228515625 0.42283298125 0.16015625 0.390063425 0.15625 0.36575052812500003 0.18359375 0.360465115625 0.193359375 0.3615221984375 0.220703125 0.36469344531250003 0.234375 0.3773784359375 0.251953125
4 0.6701902750000001 0.8046875 0.6913319234374999 0.7890625 0.69238900625 0.76953125 0.6797040171875001 0.75 0.6765327703125 0.71875 0.6871035937500001 0.673828125 0.6902748421875 0.625 0.7029598312500001 0.62109375 0.7124735734375001 0.58984375 0.7241014796874999 0.576171875 0.7241014796874999 0.5546875 0.7177589859375 0.53125 0.711416490625 0.5234375 0.695560253125 0.5390625 0.6659619453125 0.591796875 0.6522198734375 0.630859375 0.6310782234375 0.71875 0.6363636359375 0.79296875 0.6469344609375 0.80859375 0.6701902750000001 0.8046875
1 0.15327695624999998 0.796875 0.1575052859375 0.81640625 0.1633192390625 0.8125 0.1765327703125 0.822265625 0.23678646875 0.830078125 0.2547568703125 0.818359375 0.24841437656249998 0.77734375 0.221987315625 0.68359375 0.2019027484375 0.638671875 0.14799154375 0.546875 0.12579281250000002 0.53125 0.096194503125 0.53515625 0.0644820296875 0.564453125 0.047568710937499994 0.603515625 0.046511628124999996 0.630859375 0.0623678640625 0.681640625 0.1469344609375 0.794921875 0.15327695624999998 0.796875
7 0.47463002187500003 0.625 0.4820295984375 0.603515625 0.47885835156249995 0.595703125 0.47885835156249995 0.478515625 0.486257928125 0.443359375 0.4947145875 0.42578125 0.4947145875 0.416015625 0.48731501093749996 0.40234375 0.48731501093749996 0.3671875 0.497885834375 0.3515625 0.5042283296875001 0.298828125 0.5454545453125 0.19140625 0.5486257921875 0.1640625 0.5591966171875 0.140625 0.558139534375 0.126953125 0.549682875 0.115234375 0.5422832984375 0.123046875 0.47251585625 0.283203125 0.45665961875 0.3359375 0.448202959375 0.40625 0.393234671875 0.580078125 0.4112050734375 0.60546875 0.47463002187500003 0.625
0 0.7939577171875001 0.28665039062500003 0.20950845624999997 0.30050585937499996 0 0.986384765625 0.9989429171875001 0.998046875 0.7939577171875001 0.28665039062500003
6 0.310417546875 0.060994140625000005 0.2087589859375 0.296349609375 0.792456659375 0.28803515625 0.69717441875 0.055251953124999996 0.310417546875 0.060994140625000005