5 0.7209039546875 0.5886214437499999 0.753672315625 0.5820568921875 0.7480225984375 0.527352296875 0.7152542375000001 0.39387308593750003 0.6384180796875001 0.3916849015625 0.630508475 0.39387308593750003 0.6316384187499999 0.42669584218749995 0.6519774015625 0.5842450765625 0.7209039546875 0.5886214437499999
5 0.760451978125 0.5842450765625 0.8677966109374999 0.5864332609375 0.8531073453125 0.5185995625 0.8101694921875 0.3916849015625 0.7872881359375 0.3894967171875 0.7717514125 0.37417943125 0.7568361578125 0.3894967171875 0.7209039546875 0.3894967171875 0.71638418125 0.3916849015625 0.7197740109375 0.422319475 0.7333333328125 0.4617067828125 0.760451978125 0.5842450765625
5 0.6610169484374999 0.735229759375 0.6757062140625 0.820568928125 0.674576271875 0.8599562359374999 0.6790960453125 0.8949671765625 0.6870056499999999 0.91466083125 0.814689265625 0.9124726484375 0.8259887000000001 0.901531728125 0.8259887000000001 0.8862144421875 0.8124293781249999 0.84463895 0.8101694921875 0.8118161921875 0.7774011296875 0.66301969375 0.760451978125 0.5995623625000001 0.754802259375 0.5929978124999999 0.6519774015625 0.5929978124999999 0.6632768359375001 0.7111597374999999 0.6644067796875001 0.7308533921875 0.6610169484374999 0.735229759375
5 0.8327683609375001 0.905908096875 0.9740112999999999 0.9102844640625 0.9468926546875001 0.8140043765625 0.870056496875 0.5929978124999999 0.7774011296875 0.5908096281249999 0.7627118640624999 0.5929978124999999 0.7627118640624999 0.6061269140625 0.814689265625 0.8468271328125001 0.8327683609375001 0.905908096875
5 0.300564971875 0.577680525 0.3084745765625 0.5623632390625 0.3333333328125 0.44201312968749995 0.3322033890625 0.431072209375 0.34011299375 0.409190371875 0.33898305156249997 0.39387308593750003 0.2531073453125 0.3916849015625 0.2248587578125 0.4660831515625 0.20677966093750003 0.5492341359374999 0.2 0.553610503125 0.19661016874999998 0.56673960625 0.21355932187499999 0.5820568921875 0.28813559375 0.5842450765625 0.300564971875 0.577680525
5 0.4101694921875 0.5842450765625 0.42711864374999997 0.472647703125 0.4327683609375 0.3916849015625 0.34011299375 0.3916849015625 0.300564971875 0.56673960625 0.299435028125 0.5820568921875 0.31412429375 0.5908096281249999 0.4045197734375 0.5908096281249999 0.4101694921875 0.5842450765625
5 0.387570621875 0.1881838078125 0.384180790625 0.17724288906250002 0.354802259375 0.18161925625 0.3231638421875 0.17943107187500001 0.3186440671875 0.1859956234375 0.302824859375 0.23194748281250002 0.28700565 0.2822757109375 0.3638418078125 0.2822757109375 0.3717514125 0.266958425 0.387570621875 0.1881838078125
5 0.43954802187500003 0.2932166296875 0.44632768437500003 0.2844638953125 0.445197740625 0.2713347921875 0.4497175140625 0.25382932187499996 0.45762711874999995 0.1859956234375 0.4542372875 0.1859956234375 0.45310734531249997 0.17943107187500001 0.4474576265625 0.17724288906250002 0.39548022656250004 0.17724288906250002 0.386440678125 0.192560175 0.3661016953125 0.27789934375 0.37062146875 0.2932166296875 0.43163841875 0.29540481406249997 0.43954802187500003 0.2932166296875
5 0.45310734531249997 0.1750547046875 0.46101694843749996 0.1356673953125 0.46101694843749996 0.1247264765625 0.46440677968750005 0.12253829375 0.46666666718750005 0.11159737343750001 0.4655367234375 0.10722100625 0.46666666718750005 0.0962800875 0.4079096046875 0.0962800875 0.40225988749999997 0.1137855578125 0.40225988749999997 0.12691466093749998 0.3943502828125 0.1531728671875 0.3920903953125 0.168490153125 0.3943502828125 0.1750547046875 0.4384180796875 0.17724288906250002 0.45310734531249997 0.1750547046875
5 0.6858757062499999 0.2144420125 0.68361581875 0.2210065640625 0.68361581875 0.2363238515625 0.6937853109375001 0.28008752812500004 0.743502825 0.2822757109375 0.7468926546875 0.27789934375 0.743502825 0.264770240625 0.7389830515625 0.25601750624999997 0.7378531078125 0.2494529546875 0.7389830515625 0.24288840312499999 0.7367231640624999 0.24070021874999997 0.743502825 0.21663019687500001 0.7457627125 0.2144420125 0.7457627125 0.20787746093749998 0.7367231640624999 0.18161925625 0.6858757062499999 0.17943107187500001 0.6768361578125 0.18161925625 0.6757062140625 0.18380743906250002 0.6779661015625 0.19474835937499999 0.682485875 0.1991247265625 0.6858757062499999 0.2144420125
5 0.5977401125 0.1378555796875 0.60112994375 0.14442013125 0.6045197734375 0.1597374171875 0.6056497171874999 0.1750547046875 0.644067796875 0.1619256015625 0.6519774015625 0.1619256015625 0.6632768359375001 0.1750547046875 0.668926553125 0.1728665203125 0.6655367234375 0.1487964984375 0.6531073453125 0.098468271875 0.6508474578125 0.0962800875 0.646327684375 0.098468271875 0.5954802265625 0.0962800875 0.5932203390625 0.098468271875 0.5943502828125 0.11159737343750001 0.5966101687500001 0.118161925 0.5977401125 0.1378555796875
5 0.6610169484374999 0.12691466093749998 0.6677966109375 0.14223194687500001 0.671186440625 0.1597374171875 0.671186440625 0.1706783375 0.6757062140625 0.18380743906250002 0.7389830515625 0.17724288906250002 0.7344632765625 0.16630196875 0.7355932203125 0.15754923437499999 0.7242937859375 0.1334792125 0.7141242937500001 0.098468271875 0.6666666671875 0.0962800875 0.65536723125 0.098468271875 0.65762711875 0.1028446390625 0.65762711875 0.1137855578125 0.6610169484374999 0.12691466093749998
2 0.641807909375 0.26258205625 0.65536723125 0.2603938734375 0.6757062140625 0.2516411375 0.6790960453125 0.2472647703125 0.6813559328125 0.23851203437500001 0.6802259890625 0.227571115625 0.68361581875 0.20787746093749998 0.672316384375 0.19474835937499999 0.6677966109375 0.18161925625 0.6632768359375001 0.17943107187500001 0.6531073453125 0.16411378593749998 0.614689265625 0.1706783375 0.612429378125 0.1859956234375 0.611299434375 0.1991247265625 0.6135593218750001 0.20787746093749998 0.6327683609375 0.2494529546875 0.641807909375 0.26258205625
2 0.40338983125 0.1050328234375 0.40338983125 0.0919037203125 0.4 0.08533916875 0.3807909609375 0.0875273515625 0.359322034375 0.12035010937499999 0.3231638421875 0.1487964984375 0.3242937859375 0.1750547046875 0.3367231640625 0.1728665203125 0.3909604515625 0.1247264765625 0.40338983125 0.1050328234375
1 0.3819209046875 0.794310721875 0.360451978125 0.724288840625 0.3412429375 0.698030634375 0.34011299375 0.652078775 0.3322033890625 0.62582056875 0.3096045203125 0.5951859953125 0.274576271875 0.5973741796875001 0.25536723125 0.617067834375 0.239548021875 0.6455142234375 0.2338983046875 0.6695842453124999 0.2384180796875 0.7483588625 0.3152542375 0.9080962796875 0.37288135625 0.91466083125 0.3819209046875 0.794310721875
1 0.14915254218750001 0.8774617062500001 0.153672315625 0.8884026265625 0.14915254218750001 0.9080962796875 0.153672315625 0.9212253828125 0.157062146875 0.905908096875 0.18418079062499998 0.905908096875 0.19096045156250002 0.91466083125 0.2214689265625 0.9212253828125 0.239548021875 0.8993435453125 0.24406779687500002 0.8796498906249999 0.240677965625 0.8512035015625001 0.2519774015625 0.8402625828125 0.2361581921875 0.7680525171875 0.212429378125 0.713347921875 0.157062146875 0.612691465625 0.131073446875 0.5951859953125 0.10169491562499999 0.601750546875 0.0644067796875 0.6411378562500001 0.050847457812499997 0.676148796875 0.0497175140625 0.7067833703125 0.056497175 0.746170678125 0.0757062140625 0.78118161875 0.14915254218750001 0.8774617062500001
7 0.4192090390625 0.6411378562500001 0.4192090390625 0.652078775 0.4350282484375 0.6673960609375 0.500564971875 0.70021881875 0.5084745765625 0.69584245 0.5096045203124999 0.6564551421875 0.51299435 0.652078775 0.5096045203124999 0.5404814 0.51412429375 0.505470459375 0.5242937859375 0.49015317343750003 0.527683615625 0.472647703125 0.5152542375 0.420131290625 0.531073446875 0.398249453125 0.5333333328125 0.35229759375 0.5819209046875 0.21663019687500001 0.5887005656250001 0.1728665203125 0.5954802265625 0.1597374171875 0.5943502828125 0.1487964984375 0.583050846875 0.131291028125 0.525423728125 0.27789934375 0.501694915625 0.3216630203125 0.48474576249999995 0.3916849015625 0.47796610156249997 0.45514223125 0.4248587578125 0.6345733046875 0.4192090390625 0.6411378562500001
0 0.85691299375 0.32620568906249997 0.22068474531249999 0.34128665156250004 0 0.997811815625 0.99887005625 0.997811815625 0.85691299375 0.32620568906249997
6 0.32241807968749997 0.0669846828125 0.2214666671875 0.3371137859375 0.848149153125 0.334689278125 0.7423457625000001 0.0680809625 0.32241807968749997 0.0669846828125