5 0.40416666718750005 0.8306470593749999 0.31190520781250003 0.83379779375 0.25178541718749997 0.9965422796875 0.371428125 0.9965422796875 0.40416666718750005 0.8306470593749999
5 0.6797614578125 0.8295974265625 0.5922614578125 0.8340330874999999 0.623809375 0.9981617640625 0.7434520828125 0.9981617640625 0.6797614578125 0.8295974265625
5 0.8684520828125001 0.9981617640625 0.775 0.83379779375 0.6809520828125 0.83904779375 0.6875 0.8400974265625001 0.746428125 0.9981617640625 0.8684520828125001 0.9981617640625
5 0.6845239578125 0.6521525734375 0.6208333328125 0.65320220625 0.6505947921875 0.735101103125 0.7244052078125 0.7288014703125001 0.6845239578125 0.6521525734375
5 0.603571875 0.5933547796875 0.6202385421875001 0.6521525734375 0.6797614578125 0.6500533093749999 0.6529760421875 0.59545404375 0.603571875 0.5933547796875
5 0.375 0.6574025734375 0.319196875 0.650209559375 0.278571875 0.7256507359375 0.3494052078125 0.72775 0.375 0.6574025734375
2 0.4270833328125 0.6654411765625 0.415625 0.6599264703125 0.40833333281249995 0.637867646875 0.38125 0.6397058828125 0.3760416671875 0.6470588234375 0.3770833328125 0.705882353125 0.3854166671875 0.7297794125 0.41979166718750005 0.731617646875 0.4270833328125 0.6654411765625
2 0.63125 0.6727941171875 0.60625 0.6415441171875 0.5708333328124999 0.643382353125 0.5708333328124999 0.6727941171875 0.5979166671875 0.7169117640625 0.6333333328124999 0.7077205875 0.63125 0.6727941171875
4 0.240625 0.8970588234375001 0.2979166671875 0.862132353125 0.30520833281250004 0.8400735296875 0.30416666718749996 0.8235294124999999 0.3020833328125 0.8198529406249999 0.2677083328125 0.84375 0.22395833281250002 0.88051470625 0.171875 0.9356617640625 0.13125 0.9908088234375001 0.1270833328125 0.9981617640625 0.1666666671875 0.9981617640625 0.1729166671875 0.9761029406249999 0.240625 0.8970588234375001
4 0.6020833328124999 0.5900735296875 0.5916666671875 0.580882353125 0.584375 0.5845588234375 0.5729166671875 0.612132353125 0.5604166671875 0.625 0.5635416671875 0.6488970593750001 0.5895833328125 0.6341911765625 0.6020833328124999 0.6102941171875 0.6020833328124999 0.5900735296875
10 0.3708333328125 0.6158088234375 0.3927083328125 0.59375 0.3864583328125 0.5863970593750001 0.36770833281250004 0.59926470625 0.3458333328125 0.5955882359375 0.32083333281250004 0.6268382359375 0.3229166671875 0.6488970593750001 0.35625 0.6470588234375 0.3625 0.6415441171875 0.3708333328125 0.6158088234375
6 0.33184479218749996 0.575367646875 0.21071458281250002 0.7686985296875 0.7845239578125 0.74875 0.675 0.5755055140625001 0.33184479218749996 0.575367646875
0 0.9404760421875 0.9981617640625 0.788690625 0.7739485296875 0.20610104218749997 0.7788860296875 0.20833333281250002 0.7812996328125 0.041071875 0.9981617640625 0.9404760421875 0.9981617640625