8 0.7010416671875 0.9466911765624999 0.696875 0.9209558828125 0.69375 0.9209558828125 0.6927083328125 0.8970588234375001 0.696875 0.887867646875 0.6885416671875 0.8768382359375 0.6875 0.862132353125 0.6760416671875 0.8327205875000001 0.6604166671875 0.8235294124999999 0.6322916671875001 0.8235294124999999 0.6145833328125 0.8547794124999999 0.6149520828124999 0.867884190625 0.6101572921875 0.8836709562499999 0.63125 0.9981617640625 0.7052083328125 0.9981617640625 0.7010416671875 0.9466911765624999
8 0.8229166671874999 0.9981617640625 0.821875 0.9705882359375 0.8104166671874999 0.9393382359375 0.809375 0.9227941171875 0.7989583328125 0.9080882359375 0.796875 0.8768382359375 0.7666666671875 0.825367646875 0.7260416671875001 0.8216911765624999 0.7177083328125 0.8529411765624999 0.7104166671875001 0.8602941171875 0.7083333328125 0.875 0.7125 0.8970588234375001 0.7520833328125 0.99448529375 0.8229166671874999 0.9981617640625
7 0.4875 0.9099264703125 0.48541666718750004 0.8988970593750001 0.5010416671875 0.7720588234375 0.5375 0.6727941171875 0.5447916671875 0.637867646875 0.5416666671875 0.625 0.5322916671875 0.63051470625 0.5 0.7022058828125 0.4739583328125 0.74448529375 0.465625 0.7775735296875 0.4458333328125 0.8198529406249999 0.44166666718750003 0.8676470593750001 0.4125 0.96875 0.40416666718750005 0.9852941171875 0.4010416671875 0.9981617640625 0.46770833281249996 0.9981617640625 0.46770833281249996 0.9669117640625 0.4875 0.9099264703125
5 0.30045937500000003 0.8307150734375 0.24498125 0.997163603125 0.3599 0.997163603125 0.3927333328125 0.8327132359375 0.30045937500000003 0.8307150734375
5 0.2127135421875 0.8307150734375 0.1210041671875 0.9934650734374999 0.23875416718750003 0.9981617640625 0.2981947921875 0.8307150734375 0.2127135421875 0.8307150734375
8 0.3145833328125 0.7334558828125 0.3291666671875 0.7279411765625 0.3375 0.71875 0.34375 0.7077205875 0.346875 0.6966911765625 0.3479166671875 0.6801470593750001 0.3552083328125 0.6727941171875 0.3541666671875 0.65625 0.353125 0.6525735296875 0.35 0.65073529375 0.328125 0.6488970593750001 0.30520833281250004 0.6654411765625 0.3020833328125 0.6654411765625 0.2979166671875 0.669117646875 0.2947916671875 0.6801470593750001 0.2947916671875 0.6893382359375 0.290625 0.700367646875 0.28958333281250004 0.7205882359375 0.296875 0.7297794125 0.303125 0.7334558828125 0.3145833328125 0.7334558828125
8 0.41041666718750003 0.6470588234375 0.4114583328125 0.6452205875 0.41979166718750005 0.6452205875 0.425 0.6415441171875 0.43125 0.6286764703125 0.43854166718750004 0.6029411765625 0.43854166718750004 0.5974264703125 0.434375 0.5900735296875 0.40625 0.58823529375 0.396875 0.59375 0.390625 0.59375 0.3875 0.5974264703125 0.3854166671875 0.6047794125 0.38333333281250004 0.6231617640625 0.3875 0.6397058828125 0.39375 0.6452205875 0.41041666718750003 0.6470588234375
2 0.5916666671875 0.71323529375 0.6239583328125 0.7040441171875 0.6270833328125 0.700367646875 0.628125 0.6966911765625 0.625 0.6838235296875 0.625 0.6727941171875 0.6177083328124999 0.6636029406249999 0.6125 0.65073529375 0.6041666671875 0.6452205875 0.6 0.6360294125 0.5916666671875 0.6341911765625 0.5635416671875 0.6397058828125 0.5614583328125 0.6415441171875 0.5614583328125 0.6470588234375 0.5645833328125 0.669117646875 0.5916666671875 0.71323529375
10 0.63826875 0.67959375 0.6333 0.6871617640625 0.6333333328124999 0.7077205875 0.6427083328125 0.7224264703125 0.659375 0.7297794125 0.6791666671875001 0.7279411765625 0.6864583328125 0.7205882359375 0.6875 0.705882353125 0.684375 0.6893382359375 0.6739583328125 0.68198529375 0.6697916671875 0.674632353125 0.6708333328125 0.669117646875 0.6697916671875 0.6654411765625 0.6729166671875 0.65625 0.671875 0.643382353125 0.6697916671875 0.6397058828125 0.665625 0.6397058828125 0.6619833328125 0.6481231625 0.65814375 0.6513106625 0.6579177078125 0.6596764703125 0.6574666671875 0.67082904375 0.6395833328125 0.674632353125 0.634375 0.6783088234375 0.63826875 0.67959375
10 0.6177083328124999 0.6415441171875 0.634375 0.6452205875 0.6354166671875 0.643382353125 0.6447916671875 0.643382353125 0.6479166671875001 0.6415441171875 0.6520833328125 0.6323529406249999 0.6510416671875 0.625 0.6489583328124999 0.61948529375 0.6458333328125 0.6158088234375 0.6427083328125 0.5863970593750001 0.640625 0.5845588234375 0.6375 0.5845588234375 0.6235333328125 0.593303309375 0.6171010421875 0.5989761031249999 0.6101333328125 0.6044595593750001 0.6072916671875 0.6286764703125 0.6145833328125 0.6397058828125 0.6177083328124999 0.6415441171875
0 0.1973958328125 0.7710022890625 0.1959052078125 0.7703014703125 0.055581250000000006 0.9981617640625 0.9273447921875 0.9953915437499999 0.7621520828125 0.7734558828125 0.1973958328125 0.76609375 0.1973958328125 0.7710022890625
6 0.3256145828125 0.5651930140625 0.2093229171875 0.74926470625 0.7561885421875 0.7524191171875 0.6625593750000001 0.57360845625 0.3256145828125 0.5651930140625
4 0.5583333328125 0.6415441171875 0.5614583328125 0.6415441171875 0.565625 0.6360294125 0.5708333328124999 0.6360294125 0.5802083328125 0.63051470625 0.5864583328124999 0.6231617640625 0.5947916671875 0.606617646875 0.5947916671875 0.5827205875 0.5927083328125 0.5790441171875 0.584375 0.5790441171875 0.578125 0.5827205875 0.5739583328125 0.5900735296875 0.5739583328125 0.5955882359375 0.5677083328125 0.612132353125 0.5552083328124999 0.6213235296875 0.5541666671875001 0.625 0.5541666671875001 0.6323529406249999 0.55625 0.6397058828125 0.5583333328125 0.6415441171875
5 0.3672270828125 0.6500992640625001 0.34123125 0.7281580875 0.4105552078125 0.729648896875 0.42535 0.6483841906250001 0.3672270828125 0.6500992640625001
5 0.3386947921875 0.5866930140625 0.308259375 0.6461470593749999 0.36701562499999996 0.6439117640625 0.38519270781250003 0.5902316171875001 0.3386947921875 0.5866930140625