5 0.5962125 0.830367646875 0.626515625 0.9981617640625 0.7416666671875001 0.9981617640625 0.6810604171875 0.83170404375 0.5962125 0.830367646875
5 0.6810604171875 0.83170404375 0.7492427078125 0.9981617640625 0.8689395828125 0.9981617640625 0.7704541671875 0.8279779406250001 0.6810604171875 0.83170404375
5 0.31439374999999997 0.8317849265625 0.251515625 0.9981617640625 0.3704541671875 0.9981617640625 0.40227291718749997 0.8359963234375 0.31439374999999997 0.8317849265625
4 0.2416666671875 0.9335367640625 0.2979166671875 0.862132353125 0.30520833281250004 0.8400735296875 0.30520833281250004 0.825367646875 0.2989583328125 0.8216911765624999 0.22395833281250002 0.88051470625 0.171875 0.9356617640625 0.1302083328125 0.9926470593750001 0.1270833328125 0.9981617640625 0.1666666671875 0.9981617640625 0.1848489578125 0.985647059375 0.2416666671875 0.9335367640625
0 0.8045458328124999 0.8440128671875 0.7742427078125 0.7785404406249999 0.2035989578125 0.7732959562499999 0.0431822921875 0.9981617640625 0.9333333328125001 0.9981617640625 0.8257572921874999 0.8373327203125 0.8045458328124999 0.8440128671875
6 0.7469697921875 0.6930257359375 0.6712125 0.5647536765625001 0.3295458328125 0.5610625 0.21439375 0.7531525734375 0.7719697921875001 0.7691874999999999 0.73560625 0.7130680140625001 0.7469697921875 0.6930257359375
6 0.6590906249999999 0.5727702203125 0.33030312500000003 0.5807867640625 0.230303125 0.7437996328125001 0.75681875 0.759834559375 0.7416666671875001 0.682336396875 0.6590906249999999 0.5727702203125
2 0.4101291671875 0.63525 0.3759791671875 0.6417610296875 0.3743177078125 0.6717150734375 0.37985520781250004 0.716319853125 0.42028229218749996 0.7078547796875 0.41714375 0.676273896875 0.4101291671875 0.63525
2 0.60625 0.7169117640625 0.6302083328125 0.7077205875 0.6322916671875001 0.7040441171875 0.6333333328124999 0.68198529375 0.63125 0.674632353125 0.60625 0.6415441171875 0.6041666671875 0.6397058828125 0.5927083328125 0.6397058828125 0.5802083328125 0.643382353125 0.571875 0.6415441171875 0.5697916671875001 0.6470588234375 0.5697916671875001 0.669117646875 0.5979166671875 0.7150735296875 0.60625 0.7169117640625
5 0.3155177078125 0.6469632359374999 0.273146875 0.7326930140625 0.346559375 0.7366893375 0.37374999999999997 0.6503694859375 0.3155177078125 0.6469632359374999
5 0.34610625 0.5888253671875 0.345540625 0.58898529375 0.3184635421875 0.6431746328125 0.37465625 0.6447738968750001 0.3941427078125 0.59042279375 0.34610625 0.5888253671875
5 0.43583333281250003 0.6487702203125 0.44399062499999997 0.592022059375 0.3982208328125 0.592022059375 0.38009375 0.6351819859375001 0.41544166718750003 0.6327849265625 0.41680104218749997 0.6487702203125 0.43583333281250003 0.6487702203125
5 0.606225 0.592821690625 0.6225385421875 0.6511672796875 0.675559375 0.6463731625 0.6492760421875 0.59042279375 0.606225 0.592821690625
5 0.679184375 0.6489632359375 0.6248041671875 0.654365809375 0.6479166671875001 0.727897059375 0.7195166671875 0.728696690625 0.679184375 0.6489632359375
4 0.55625 0.63051470625 0.5635416671875 0.6452205875 0.5677083328125 0.6452205875 0.5916666671875 0.6341911765625 0.5979166671875 0.625 0.6010416671875001 0.6139705875 0.6052083328125 0.6084558828125 0.603125 0.5919117640625 0.6010416671875001 0.58823529375 0.5947916671875 0.5845588234375 0.584375 0.5845588234375 0.5833999999999999 0.5995514703125 0.573109375 0.6137555140625001 0.5657281249999999 0.6224356625 0.55625 0.63051470625