5 0.1810604171875 0.49899816250000006 0.0719697921875 0.7862738968749999 0.2204541671875 0.7862738968749999 0.280303125 0.5043419124999999 0.1810604171875 0.49899816250000006
5 0.2244322921875 0.7740643375 0.3477270828125 0.7849375000000001 0.3825760421875 0.505678309375 0.2787875 0.5030055140624999 0.2244322921875 0.7740643375
5 0.23863645781249998 0.3328878671875 0.1818177078125 0.4936525734375 0.2795458328125 0.5043419124999999 0.3189395828125 0.342665440625 0.23863645781249998 0.3328878671875
5 0.5871208328125 0.342913603125 0.609090625 0.51236029375 0.7121208328125 0.505678309375 0.675 0.3440018375 0.5871208328125 0.342913603125
5 0.8166666671874999 0.50701470625 0.7598489578125001 0.3386580875 0.6761364578125 0.3362297796875 0.7083333328125 0.50701470625 0.7174239578125 0.511023896875 0.8166666671874999 0.50701470625
5 0.8212125 0.5043419124999999 0.7174239578125 0.513694853125 0.7075760421874999 0.5003345593749999 0.7121208328125 0.51236029375 0.7583333328124999 0.7034319859375 0.8234843749999999 0.780928309375 0.9113635421874999 0.783601103125 0.8212125 0.5043419124999999
5 0.6305572921875 0.1566121328125 0.56866875 0.1584430140625 0.580078125 0.24930330937499998 0.6533770828125001 0.25174264687500003 0.6305572921875 0.1566121328125
5 0.6931375 0.15722242656250002 0.63470625 0.160272059375 0.6526854171875 0.249913603125 0.7277125 0.24930330937499998 0.6931375 0.15722242656250002
4 0.6114583328125 0.106617646875 0.6135416671875 0.0827205875 0.5947916671875 0.080882353125 0.5854166671875001 0.106617646875 0.565625 0.132352940625 0.5677083328125 0.15441176406249998 0.575 0.15441176406249998 0.596875 0.1341911765625 0.6114583328125 0.106617646875
2 0.6854166671875 0.1102941171875 0.684375 0.10294117656249999 0.65625 0.0735294125 0.6291666671875 0.0772058828125 0.625 0.09375 0.625 0.106617646875 0.6541666671875 0.143382353125 0.6802083328124999 0.1341911765625 0.6854166671875 0.1102941171875
10 0.4166666671875 0.13970588281250002 0.41875 0.112132353125 0.43645833281249996 0.086397059375 0.43125 0.0790441171875 0.4125 0.101102940625 0.3802083328125 0.112132353125 0.3708333328125 0.125 0.36875 0.143382353125 0.371875 0.1525735296875 0.40729166718750004 0.1525735296875 0.4166666671875 0.13970588281250002
10 0.3552083328125 0.137867646875 0.3541666671875 0.1213235296875 0.3760416671875 0.0955882359375 0.378125 0.086397059375 0.3708333328125 0.080882353125 0.346875 0.106617646875 0.3166666671875 0.112132353125 0.30625 0.125 0.30520833281250004 0.143382353125 0.3114583328125 0.15441176406249998 0.3458333328125 0.1525735296875 0.3552083328125 0.137867646875
5 0.36985625 0.1531875 0.3466208328125 0.24475367656250002 0.4199572921875 0.2479558828125 0.42758124999999997 0.1570294125 0.36985625 0.1531875
0 0.9774302078125 0.9171617640624999 0.996875 0.7872242640625 0.8197916671875 0.34960661718749997 0.7649302078125 0.294444853125 0.2107958328125 0.278069853125 0 0.783522059375 0.0110645828125 0.9329117640625 0.7909145828125 0.9275275734375 0.9774302078125 0.9171617640624999
6 0.3092447921875 0.0606617640625 0.21631979218750003 0.2601231625 0.7663197921875 0.2748327203125 0.690625 0.050507353125 0.3092447921875 0.0606617640625
7 0.3260416671875 0.30882352968750004 0.35208333281250004 0.3584558828125 0.45 0.4834558828125 0.465625 0.487132353125 0.496875 0.5238970593750001 0.540625 0.580882353125 0.5479166671875 0.6084558828125 0.55625 0.6213235296875 0.6447916671875 0.7279411765625 0.7947916671875 0.924632353125 0.865625 0.99448529375 0.9604166671875 0.9981617640625 0.9583333328125001 0.9779411765624999 0.95 0.9724264703125 0.946875 0.9577205875000001 0.9291666671875 0.93198529375 0.9270833328125001 0.91176470625 0.9145833328125 0.90625 0.8958333328125001 0.8676470593750001 0.8791666671874999 0.8474264703125 0.871875 0.84926470625 0.8572916671874999 0.83823529375 0.8489583328125001 0.81801470625 0.8135416671875 0.7702205875 0.7989583328125 0.762867646875 0.7552083328125 0.7077205875 0.746875 0.705882353125 0.7135416671875 0.669117646875 0.7104166671875001 0.6525735296875 0.6083333328125 0.5275735296875 0.5802083328125 0.49632352968750004 0.5625 0.4908088234375 0.528125 0.46139705937500003 0.403125 0.3216911765625 0.3604166671875 0.262867646875 0.303125 0.20036764687500003 0.28958333281250004 0.194852940625 0.2666666671875 0.163602940625 0.2552083328125 0.1525735296875 0.2427083328125 0.16176470625 0.2427083328125 0.18566176406249998 0.27291666718749996 0.22977941249999997 0.2791666671875 0.25551470625 0.3260416671875 0.30882352968750004