1 0.8492427078125001 0.9981617640625 0.8704541671875001 0.976009190625 0.884090625 0.8998474265624999 0.8886364578125001 0.8437297796875001 0.8818187500000001 0.8036433828125 0.8628791671875 0.7729117640625 0.8136364578125 0.7662316171875 0.8007572921874999 0.778257353125 0.78939375 0.8183419125 0.7780302078125 0.9466139703125 0.7856062500000001 0.9786819859375001 0.8007572921874999 0.9981617640625 0.8492427078125001 0.9981617640625
7 0.4818177078125 0.976009190625 0.494696875 0.9332518375 0.49772708281250005 0.8958400734374999 0.48787916718749996 0.8904944859375 0.48257604218749994 0.8544191171875 0.4901510421875 0.8423933828125 0.4931822921875 0.8423933828125 0.501515625 0.819678309375 0.5022729171875 0.8103253671875 0.509090625 0.780928309375 0.5166666671875 0.7622224265625 0.5295458328125 0.74084375 0.544696875 0.6753713234375 0.5568177078125001 0.6272702203125 0.5469697921875001 0.6192536765625001 0.5371208328125 0.6286066171875 0.5340906249999999 0.6486488968749999 0.5166666671875 0.6753713234375 0.49696979218750004 0.7127849265624999 0.48257604218749994 0.7381709562500001 0.4628791671875 0.7902830875 0.45 0.83170404375 0.4492427078125 0.879805146875 0.43560625000000003 0.8985110296875 0.40227291718749997 0.9981617640625 0.47272708281250003 0.9981617640625 0.4818177078125 0.9960514703125 0.4818177078125 0.976009190625
5 0.226515625 0.8210147062500001 0.13257604218750002 0.98963970625 0.2477270828125 0.9981617640625 0.3075760421875 0.822351103125 0.226515625 0.8210147062500001
5 0.313446875 0.829211396875 0.2477270828125 0.9981617640625 0.369696875 0.9981617640625 0.4045458328125 0.83170404375 0.313446875 0.829211396875
5 0.6878791671875 0.8250220593750001 0.5965906249999999 0.829211396875 0.623484375 0.9981617640625 0.7522729171875 0.9981617640625 0.6878791671875 0.8250220593750001
0 0.8977270828125 0.79295404375 0.8416666671874999 0.7635588234374999 0.8174239578125 0.744852940625 0.780303125 0.7542058828125 0.1988635421875 0.7673805140625001 0.0348489578125 0.9981617640625 0.9522729171875 0.9981617640625 0.8939395828125001 0.8985110296875 0.8977270828125 0.79295404375
6 0.3380677078125 0.5752003671875 0.21893958281249998 0.739507353125 0.7871208328125 0.7582150734375 0.6712125 0.560461396875 0.3380677078125 0.5752003671875
5 0.348484375 0.586898896875 0.3181822921875 0.64998529375 0.3795458328125 0.6580018375 0.3992427078125 0.5871856625 0.348484375 0.586898896875
5 0.3181822921875 0.6470588234375 0.2742427078125 0.7288180140625 0.3477270828125 0.7341636031250001 0.375 0.645976103125 0.3181822921875 0.6470588234375
5 0.379734375 0.6437169125 0.351515625 0.7221378671875 0.41969687499999997 0.726147059375 0.43257604218749995 0.64463970625 0.379734375 0.6437169125
5 0.444696875 0.593865809375 0.40151562500000004 0.5919117640625 0.3795458328125 0.6366231625000001 0.43560625000000003 0.653992646875 0.444696875 0.593865809375
5 0.56060625 0.65532904375 0.5814395828125 0.7289430140625 0.6462125000000001 0.7301544125 0.6219697921875 0.651321690625 0.56060625 0.65532904375
5 0.6818177078125001 0.6473125 0.6306822921874999 0.6504007359374999 0.6530302078125 0.731490809375 0.7219697921875 0.7274816171875 0.6818177078125001 0.6473125
5 0.6075760421874999 0.5911930140625 0.5568177078125001 0.5898566171875 0.5636364578124999 0.653992646875 0.619696875 0.6473125 0.6075760421874999 0.5911930140625
2 0.6358197921875 0.576538603125 0.6128583328125 0.5846378671875 0.6120593750000001 0.608584559375 0.6409104171875 0.6409099265625 0.6667666671875 0.6290091906249999 0.6681645828125 0.6078786765624999 0.6358197921875 0.576538603125