5 0.3454541671875 0.7862738968749999 0.3818177078125 0.513694853125 0.2781435015625 0.51239956875 0.2166666671875 0.7702389703125 0.3454541671875 0.7862738968749999
5 0.1761364578125 0.5066838234375 0.076515625 0.77692095625 0.21287916718750002 0.79295404375 0.2795458328125 0.505678309375 0.1761364578125 0.5066838234375
5 0.23958333281250002 0.33790073593750003 0.175 0.5016691171875001 0.2810604171875 0.505678309375 0.3219697921875 0.342665440625 0.23958333281250002 0.33790073593750003
5 0.3810604171875 0.50701470625 0.4045458328125 0.334648896875 0.3238635421875 0.3362297796875 0.28181770781250004 0.4949889703125 0.373484375 0.51236029375 0.3810604171875 0.50701470625
5 0.7149625000000001 0.5083547796875 0.773484375 0.77959375 0.9151510421875001 0.780928309375 0.8189395828125001 0.5043419124999999 0.7149625000000001 0.5083547796875
5 0.589015625 0.33957169062500003 0.61060625 0.505678309375 0.71060625 0.5016691171875001 0.6689395828125 0.337321690625 0.589015625 0.33957169062500003
8 0.7729166671875001 0.5018382359375 0.7854166671875 0.4889705875 0.7885416671875001 0.47426470624999995 0.778125 0.382352940625 0.759375 0.34375 0.7229166671875 0.336397059375 0.7 0.37132352968750004 0.6979166671875 0.3952205875 0.721875 0.47426470624999995 0.75 0.5018382359375 0.7729166671875001 0.5018382359375
10 0.6375 0.7279411765625 0.634375 0.7591911765625 0.646875 0.77573529375 0.6604166671875 0.74448529375 0.6583333328125 0.737132353125 0.6635416671875001 0.7279411765625 0.6760416671875 0.6341911765625 0.7125 0.6176470593750001 0.7208333328125 0.6047794125 0.7260416671875001 0.5790441171875 0.71875 0.5404411765625 0.69375 0.5073529406249999 0.6708333328125 0.5036764703125 0.6541666671875 0.5091911765625 0.640625 0.53676470625 0.6447916671875 0.5845588234375 0.6635416671875001 0.6139705875 0.65 0.6893382359375 0.6375 0.7279411765625
7 0.42727291718749993 0.5658069859375 0.4439395828125 0.5845128671875 0.45520833281249995 0.5661764703125 0.45520833281249995 0.5863970593750001 0.45 0.5863970593750001 0.45104166718750005 0.59375 0.48229166718750005 0.606617646875 0.48854166718750003 0.5863970593750001 0.484375 0.5661764703125 0.4875 0.52573529375 0.48333333281249996 0.4522058828125 0.49583333281249997 0.41360294062499997 0.5052083328125 0.2959558828125 0.521875 0.242647059375 0.5447916671875 0.18933823593750002 0.5572916671875 0.143382353125 0.5520833328125 0.12683823593750002 0.5479166671875 0.125 0.534375 0.1470588234375 0.4739583328125 0.27573529375 0.45520833281249995 0.34007352968750004 0.45520833281249995 0.3841911765625 0.440625 0.419117646875 0.398484375 0.56179779375 0.42727291718749993 0.5658069859375
0 0.9916666671875 0.7742481625 0.8204541671875001 0.3600367640625 0.7583333328124999 0.274522059375 0.2121208328125 0.2844246328125 0 0.7982996328125 0.001515625 0.923898896875 0.9962125000000001 0.96398345625 0.9916666671875 0.7742481625
6 0.690909375 0.055297793750000004 0.3037875 0.0699963234375 0.2833333328125 0.13814154375 0.2075760421875 0.2784393375 0.7825760421875 0.27576654375 0.690909375 0.055297793750000004
2 0.39791666718749996 0.2279411765625 0.41770833281249997 0.21875 0.4135416671875 0.211397059375 0.4166666671875 0.18198529375 0.4 0.143382353125 0.3708333328125 0.1452205875 0.36666666718749996 0.1525735296875 0.36666666718749996 0.1672794125 0.3760416671875 0.2279411765625 0.39791666718749996 0.2279411765625
8 0.3614583328125 0.148897059375 0.365625 0.137867646875 0.3818177078125 0.09404779375 0.34375 0.08823529375 0.3375 0.0974264703125 0.3291666671875 0.09375 0.32083333281250004 0.106617646875 0.31979166718749996 0.137867646875 0.3291666671875 0.1525735296875 0.35208333281250004 0.15441176406249998 0.3614583328125 0.148897059375
8 0.42291666718750004 0.143382353125 0.428125 0.137867646875 0.43854166718750004 0.0974264703125 0.43541666718750005 0.08823529375 0.41041666718750003 0.0790441171875 0.384375 0.10294117656249999 0.38229166718749996 0.1213235296875 0.3854166671875 0.137867646875 0.41770833281249997 0.137867646875 0.42291666718750004 0.143382353125
4 0.609375 0.2205882359375 0.6260416671875 0.18566176406249998 0.628125 0.148897059375 0.6072916671875 0.148897059375 0.5885416671875 0.20404411718749998 0.578125 0.21507352968750001 0.5760416671875 0.22426470625 0.58125 0.22426470625 0.5875 0.23897058750000003 0.609375 0.2205882359375
4 0.6604166671875 0.24448529375 0.68125 0.22242647031249999 0.6958333328124999 0.19301470625 0.696875 0.15808823593750002 0.6927083328125 0.1470588234375 0.671875 0.15441176406249998 0.671875 0.174632353125 0.646875 0.22242647031249999 0.653125 0.24448529375 0.6604166671875 0.24448529375
5 0.3058708328125 0.15240625000000002 0.2742427078125 0.24503492656249998 0.3454541671875 0.2463713234375 0.3613635421875 0.1528382359375 0.3058708328125 0.15240625000000002
5 0.5636364578124999 0.084694853125 0.56060625 0.0889044125 0.565909375 0.16219117656249998 0.6219697921875 0.13947794062500002 0.61060625 0.090038603125 0.5636364578124999 0.084694853125
5 0.6621208328125 0.084694853125 0.6221593750000001 0.0889044125 0.63939375 0.1528382359375 0.68560625 0.1408125 0.6621208328125 0.084694853125