0 0.9420458328124999 1 0.8341593749999999 0.854976103125 0.7694270828125 0.774882353125 0.2069270828125 0.782759190625 0.070765625 1 0.9420458328124999 1
5 0.316075 0.6462757359375 0.2712239578125 0.73711029375 0.349978125 0.7333713234375 0.3743458328125 0.64986029375 0.316075 0.6462757359375
5 0.3757583328125 0.65001654375 0.347153125 0.7315018375 0.420609375 0.7346176468750001 0.43614791718749996 0.652976103125 0.3757583328125 0.65001654375
5 0.3482125 0.5889411765625 0.31572187500000004 0.6448750000000001 0.3743458328125 0.652976103125 0.3965947921875 0.593147059375 0.3482125 0.5889411765625
8 0.43541666718750005 0.6397058828125 0.4479166671875 0.6047794125 0.44895833281249997 0.5900735296875 0.4125 0.5919117640625 0.4 0.59926470625 0.3927083328125 0.6139705875 0.3927083328125 0.6341911765625 0.39791666718749996 0.6452205875 0.428125 0.6470588234375 0.43541666718750005 0.6397058828125
5 0.6212979171875 0.6558125 0.5620822921874999 0.6543621328125 0.57383125 0.7354319859375 0.6504364578125 0.7304558828125 0.6212979171875 0.6558125
5 0.6776947921875001 0.6524963234375 0.6241177078125 0.6516672796874999 0.6523156250000001 0.733772059375 0.7176416671875 0.7263088234375 0.6776947921875001 0.6524963234375
10 0.61875 0.643382353125 0.625 0.6488970593750001 0.6416666671875 0.65073529375 0.6541666671875 0.6488970593750001 0.65625 0.6470588234375 0.6583333328125 0.6415441171875 0.6572916671875 0.6268382359375 0.6552083328125 0.6231617640625 0.6514416671875 0.620101103125 0.6455479171875 0.6162683828125 0.6483395828125 0.6020367640625001 0.6510416671875 0.5919117640625 0.646875 0.5863970593750001 0.6395833328125 0.5955882359375 0.6354166671875 0.6084558828125 0.621875 0.612132353125 0.615625 0.6176470593750001 0.6125 0.6231617640625 0.6125 0.6286764703125 0.6145833328125 0.6360294125 0.61875 0.643382353125
6 0.3285802078125 0.576851103125 0.205246875 0.76339154375 0.7559135421875001 0.7457389703125 0.6645802078124999 0.5727536765625 0.3285802078125 0.576851103125
8 0.7177083328125 0.97426470625 0.7041666671875 0.9301470593750001 0.703125 0.8768382359375 0.696875 0.856617646875 0.6833333328125 0.83823529375 0.6666666671875 0.8272058828125 0.6385416671875 0.8290441171875 0.6135416671875 0.8786764703125 0.621875 0.9356617640625 0.6385416671875 0.9981617640625 0.7177083328125 0.9981617640625 0.7177083328125 0.97426470625
8 0.8354166671875 0.9963235296875 0.834375 0.9705882359375 0.8114583328125 0.9209558828125 0.803125 0.8731617640625 0.7739583328124999 0.830882353125 0.7322916671875 0.8272058828125 0.715625 0.862132353125 0.7135416671875 0.8731617640625 0.7177083328125 0.9025735296875 0.7572916671875001 0.99448529375 0.8354166671875 0.9963235296875
5 0.5536197921875 0.5889007359375 0.5632020828125001 0.6544044125 0.618090625 0.6485624999999999 0.59774375 0.590977940625 0.5536197921875 0.5889007359375
5 0.3145177078125 0.8245827203125 0.2469572921875 0.9981617640625 0.37092708281250003 0.9981617640625 0.40175625000000004 0.828053309375 0.3145177078125 0.8245827203125
5 0.22383541718750002 0.8250220593750001 0.12823437499999998 0.9981617640625 0.248925 0.9958014703125 0.3086145828125 0.8257389703125 0.22383541718750002 0.8250220593750001
7 0.48020833281249997 0.9448529406249999 0.49583333281249997 0.9080882359375 0.5052083328125 0.78125 0.54375 0.6764705875 0.5447916671875 0.65625 0.5510416671875 0.6415441171875 0.5479166671875 0.625 0.540625 0.6231617640625 0.5322916671875 0.6397058828125 0.45625 0.8161764703125 0.45104166718750005 0.8713235296875 0.409375 0.9981617640625 0.475 0.9981617640625 0.48020833281249997 0.9448529406249999