8 0.7166666671875 0.9981617640625 0.7166666671875 0.9724264703125 0.703125 0.9283088234375001 0.7020833328125 0.8731617640625 0.6833333328125 0.8400735296875 0.6625 0.8272058828125 0.6375 0.8290441171875 0.6270833328125 0.8529411765624999 0.61875 0.8584558828125 0.6219697921875 0.869115809375 0.6219697921875 0.879805146875 0.61060625 0.8704522062500001 0.6041666671875 0.8731617640625 0.6395833328125 0.9981617640625 0.7166666671875 0.9981617640625
8 0.8364583328125 0.9981617640625 0.8364583328125 0.97426470625 0.8114583328125 0.9209558828125 0.8020833328125001 0.8713235296875 0.7739583328124999 0.8327205875000001 0.7385416671875 0.825367646875 0.73125 0.8290441171875 0.725 0.8511029406249999 0.7166666671875 0.8602941171875 0.7135416671875 0.8713235296875 0.7177083328125 0.9025735296875 0.759375 0.9963235296875 0.8364583328125 0.9981617640625
5 0.315909375 0.83170404375 0.2492427078125 0.9981617640625 0.3727270828125 0.9981617640625 0.4 0.835711396875 0.315909375 0.83170404375
5 0.225 0.830367646875 0.225 0.819678309375 0.1348489578125 0.9981617640625 0.2522729171875 0.9981617640625 0.3098489578125 0.8250220593750001 0.225 0.830367646875
5 0.3164666671875 0.648163603125 0.2721135421875 0.7336599265625 0.34787395781249997 0.73253125 0.37536458281249996 0.6490882359375 0.3164666671875 0.648163603125
5 0.3788010421875 0.6488694859375 0.3501114578125 0.7342224265625 0.4146833328125 0.735913603125 0.4309854171875 0.6530349265625001 0.3788010421875 0.6488694859375
5 0.34580625 0.5916985296874999 0.3175854171875 0.6435036765625 0.3761395828125 0.6495974265625 0.3945697921875 0.593727940625 0.34580625 0.5916985296874999
5 0.620653125 0.6474558828125 0.5624104171875 0.6509448531250001 0.5790229171875 0.735 0.647071875 0.7335882359375 0.620653125 0.6474558828125
5 0.7219270828125001 0.7342941171875 0.6798958328125 0.6502794125 0.6234552078125 0.6502794125 0.646671875 0.7314705874999999 0.7219270828125001 0.7342941171875
5 0.6526760421875 0.5937977937500001 0.604440625 0.5944338234375001 0.6230541671875 0.64675 0.6790958328125 0.6474558828125 0.6526760421875 0.5937977937500001
5 0.6002375 0.5923860296875 0.5514020828125 0.5917849265624999 0.5654125 0.6502794125 0.6238552078125 0.6523970593749999 0.6002375 0.5923860296875
8 0.43541666718750005 0.6397058828125 0.4429229171875 0.5966231625 0.4397208328125 0.5895625 0.41650416718749994 0.5881507359375 0.39375 0.606617646875 0.3927083328125 0.637867646875 0.396875 0.6452205875 0.425 0.6488970593750001 0.43541666718750005 0.6397058828125
0 0.2030677078125 0.77404779375 0.06544375 0.9981617640625 0.927928125 0.9981617640625 0.7706427078125 0.7776194859375 0.2030677078125 0.77404779375
6 0.326846875 0.5796544124999999 0.21534375 0.7685018375 0.7617812500000001 0.7489669125 0.6643083328125 0.5744448531249999 0.326846875 0.5796544124999999