8 0.290625 0.77573529375 0.309375 0.7647058828125 0.3427083328125 0.7150735296875 0.3447916671875 0.669117646875 0.33541666718749996 0.6488970593750001 0.334375 0.6286764703125 0.359375 0.6139705875 0.3770833328125 0.5845588234375 0.38125 0.5606617640625 0.3770833328125 0.5294117640625 0.3572916671875 0.5091911765625 0.3302083328125 0.512867646875 0.3135416671875 0.52573529375 0.2958333328125 0.5551470593750001 0.2822916671875 0.5661764703125 0.2802083328125 0.575367646875 0.2614583328125 0.5863970593750001 0.24479166718749998 0.66176470625 0.240625 0.7169117640625 0.2552083328125 0.762867646875 0.2708333328125 0.7775735296875 0.290625 0.77573529375
4 0.22291666718749997 0.487634190625 0.22291666718749997 0.47476654375000005 0.22916666718749998 0.4692518375 0.2477270828125 0.456240809375 0.25833333281250004 0.43352573593750005 0.28863645781249997 0.3974485296875 0.2979166671875 0.38101654375 0.3135416671875 0.3644724265625 0.3166666671875 0.3534430140625 0.3145833328125 0.331384190625 0.296875 0.3387371328125 0.2364583328125 0.393884190625 0.1760416671875 0.48395772031249995 0.1770833328125 0.4949871328125 0.184375 0.5041783093750001 0.2166666671875 0.49866360312499997 0.22291666718749997 0.487634190625
10 0.28125 0.487132353125 0.2854166671875 0.5018382359375 0.2979166671875 0.5018382359375 0.3125 0.46875 0.3458333328125 0.424632353125 0.3958333328125 0.4044117640625 0.40625 0.34742647031249996 0.3916666671875 0.3327205875 0.3760416671875 0.3272058828125 0.359375 0.330882353125 0.340625 0.3529411765625 0.334375 0.36948529375 0.3395833328125 0.3952205875 0.3322916671875 0.41360294062499997 0.28125 0.487132353125
10 0.7802083328125 0.6047794125 0.7864583328125 0.6231617640625 0.778125 0.7040441171875 0.7697916671875 0.74448529375 0.775 0.7702205875 0.7875 0.7775735296875 0.7927083328125 0.768382353125 0.7958333328125 0.7352941171875 0.8 0.6323529406249999 0.8114583328125 0.6231617640625 0.8302083328125001 0.6231617640625 0.8447916671875 0.606617646875 0.846875 0.5772058828125 0.8291666671875 0.53125 0.80625 0.5073529406249999 0.775 0.5 0.765625 0.50551470625 0.7552083328125 0.5275735296875 0.7520833328125 0.5404411765625 0.7552083328125 0.5698529406249999 0.7635416671875 0.5900735296875 0.7802083328125 0.6047794125
8 0.7552083328125 0.5036764703125 0.7770833328125 0.4981617640625 0.7885416671875001 0.4852941171875 0.790625 0.46139705937500003 0.778125 0.3768382359375 0.759375 0.34375 0.7208333328125 0.336397059375 0.7 0.367647059375 0.6979166671875 0.4044117640625 0.721875 0.47610294062499997 0.7354166671875 0.49264705937500003 0.7552083328125 0.5036764703125
7 0.4545458328125 0.5805036765625 0.459090625 0.5778308828125 0.46818229218749996 0.5805036765625 0.46979166718750004 0.56801470625 0.48020833281249997 0.5900735296875 0.478125 0.6011029406249999 0.48125 0.6084558828125 0.4931822921875 0.609898896875 0.4772729171875 0.5738235296875 0.475 0.5738235296875 0.48106041718750003 0.55378125 0.4818177078125 0.5417555140625 0.4901510421875 0.5470992640625 0.48106041718750003 0.5390827203125 0.48257604218749994 0.49899816250000006 0.5364583328125 0.4375 0.540625 0.43382352968750004 0.540625 0.375 0.5208333328125 0.3033088234375 0.5052083328125 0.3033088234375 0.5052083328125 0.2977941171875 0.521875 0.242647059375 0.540625 0.20220588281250002 0.5479166671875 0.163602940625 0.53125 0.1599264703125 0.4739583328125 0.273897059375 0.45625 0.330882353125 0.440625 0.419117646875 0.4 0.560461396875 0.4287875 0.5711507359375 0.45151562500000003 0.560461396875 0.4545458328125 0.5805036765625
2 0.64068125 0.186196690625 0.6088489578125 0.1358455875 0.578028125 0.144757353125 0.57600625 0.177884190625 0.6015229171875001 0.22941727968749998 0.6379020828125 0.2147132359375 0.64068125 0.186196690625
10 0.66875 0.187055146875 0.6552083328125 0.1888933828125 0.6416666671875 0.19992279375 0.6416666671875 0.2146286765625 0.6447916671875 0.22749632343749998 0.65 0.2366875 0.6604166671875 0.2458786765625 0.68125 0.2477169125 0.6927083328125 0.244040440625 0.7052083328125 0.23117279375000002 0.693734375 0.19997794062500002 0.684134375 0.1915128671875 0.69375 0.166834559375 0.6927083328125 0.1521286765625 0.690625 0.14845220625 0.6875 0.14845220625 0.6802083328124999 0.166834559375 0.6802083328124999 0.1723492640625 0.6729166671875 0.1833786765625 0.66875 0.187055146875
10 0.6479166671875001 0.1102941171875 0.634375 0.1102941171875 0.6229166671875 0.117647059375 0.6239583328125 0.11948529375000001 0.6229166671875 0.13051470625 0.6239583328125 0.1360294125 0.6291666671875 0.148897059375 0.6364583328125 0.15441176406249998 0.6552083328125 0.15808823593750002 0.665625 0.15441176406249998 0.671875 0.1452205875 0.6729166671875 0.1286764703125 0.671875 0.12316176406249998 0.6677083328125 0.11948529375000001 0.6697916671875 0.0827205875 0.6666666671875 0.0790441171875 0.6635416671875001 0.0790441171875 0.6604166671875 0.086397059375 0.6552083328125 0.0919117640625 0.6552083328125 0.09926470625 0.6479166671875001 0.1102941171875
4 0.5740489578125 0.1187518375 0.573290625 0.1227610296875 0.5720270828125 0.1254356625 0.56875 0.137867646875 0.56875 0.14154411718749998 0.5822916671875 0.143382353125 0.5958333328125 0.1360294125 0.6020833328124999 0.13051470625 0.6135416671875 0.1102941171875 0.6135416671875 0.0827205875 0.60625 0.0716911765625 0.5958333328125 0.0735294125 0.596028125 0.0875606625 0.5904697921875 0.09825551406250001 0.581628125 0.1093952203125 0.5740489578125 0.1187518375
8 0.40729166718750004 0.1525735296875 0.4166666671875 0.1525735296875 0.4302083328125 0.13970588281250002 0.43854166718750004 0.09926470625 0.428125 0.086397059375 0.40416666718750005 0.086397059375 0.384375 0.1047794125 0.38229166718749996 0.1213235296875 0.3864583328125 0.13970588281250002 0.4010416671875 0.13970588281250002 0.40729166718750004 0.1525735296875
2 0.40283958281250004 0.141867646875 0.36449375 0.1462297796875 0.3748020828125 0.19204595625 0.3813989578125 0.23302389687499997 0.415621875 0.2174981625 0.415209375 0.1898639703125 0.40283958281250004 0.141867646875
8 0.340625 0.23713235312499997 0.35104166718749996 0.21507352968750001 0.353125 0.20404411718749998 0.35 0.194852940625 0.3614583328125 0.180147059375 0.3625 0.1599264703125 0.3260416671875 0.15625 0.2947916671875 0.18198529375 0.2947916671875 0.23529411718749998 0.3072916671875 0.24632352968750001 0.328125 0.24632352968750001 0.340625 0.23713235312499997
5 0.3283770828125 0.08754779375 0.30443125000000004 0.1538547796875 0.36465000000000003 0.158132353125 0.3783916671875 0.0889889703125 0.3283770828125 0.08754779375
5 0.1755052078125 0.505571690625 0.081740625 0.7721691171875 0.21632500000000002 0.7807224265625 0.28139375 0.5077095593750001 0.1755052078125 0.505571690625
0 0.9989583328125 0.7858308828125 0.8084802078125 0.34707720625 0.7583697921875 0.282367646875 0.20983854218750003 0.285523896875 0.2080479171875 0.285523896875 0.0040270828125 0.77004779375 0.0031322921875 0.9941599265625 0.9811833328124999 0.9783768374999999 0.9989583328125 0.7858308828125
6 0.3098354171875 0.057637867187500004 0.2205760421875 0.260272059375 0.7592645828125 0.263428309375 0.6867833328125 0.072461396875 0.3098354171875 0.057637867187500004