5 0.21742395781249998 0.653992646875 0.2030302078125 0.5818400734375 0.2121208328125 0.5390827203125 0.24318229218749998 0.5016691171875001 0.1719697921875 0.50701470625 0.0767041671875 0.77573529375 0.21893958281249998 0.780928309375 0.23560625000000002 0.690069853125 0.21742395781249998 0.653992646875
5 0.2371208328125 0.3440018375 0.1780302078125 0.4966580875 0.28560625 0.4976617640625 0.326515625 0.337321690625 0.2371208328125 0.3440018375
5 0.38787916718750004 0.50701470625 0.40378749999999997 0.334648896875 0.3229166671875 0.3362297796875 0.325 0.3386580875 0.2878791671875 0.5003345593749999 0.38787916718750004 0.50701470625
7 0.4787875 0.5257205875000001 0.484090625 0.44154227968750004 0.494696875 0.41882720625000003 0.4901510421875 0.3894319859375 0.48560625 0.37473345625 0.4871208328125 0.3587003671875 0.494696875 0.3546911765625 0.501515625 0.318615809375 0.498484375 0.29990808750000003 0.5204541671875 0.24646139687500002 0.5363635421875 0.2250827203125 0.544696875 0.1849981625 0.5515156250000001 0.1649558828125 0.559090625 0.1328878671875 0.555303125 0.1275422796875 0.5522729171874999 0.11017279375 0.5462125 0.11017279375 0.5378791671875 0.13422426406250001 0.5295458328125 0.14491360312499998 0.523484375 0.1836617640625 0.5083333328124999 0.2117224265625 0.49242395781250003 0.230428309375 0.47651562500000005 0.2718492640625 0.46212083281250005 0.3079264703125 0.45530312500000003 0.337321690625 0.45681770781250003 0.37473345625 0.444696875 0.3974485296875 0.3967802078125 0.550134190625 0.47803020781249994 0.5858492640625 0.48106041718750003 0.5698143375 0.4787875 0.5257205875000001
4 0.6954541671875 0.69407904375 0.7151520828125 0.6326139703125 0.7189395828125 0.5805036765625 0.7257572921875 0.5430919125 0.7143937499999999 0.508351103125 0.694696875 0.519040440625 0.6704541671875 0.559125 0.6462125000000001 0.6486488968749999 0.6401510421875 0.7590238968749999 0.6674239578125001 0.7689044125 0.6848489578125 0.7475257359375 0.6954541671875 0.69407904375
5 0.5878791671875 0.33063970625 0.6079541671875 0.4966580875 0.7075760421874999 0.49231617656250004 0.6742427078125 0.3386580875 0.5878791671875 0.33063970625
5 0.9090906249999999 0.780928309375 0.8151510421875001 0.511023896875 0.719735709375 0.50853029375 0.780303125 0.78226470625 0.9090906249999999 0.780928309375
1 0.769696875 0.508351103125 0.8 0.4963253671875 0.8628791671875 0.3453382359375 0.8666666671875 0.326632353125 0.8575760421874999 0.29990808750000003 0.8386364578125001 0.2785294125 0.8181822921874999 0.2785294125 0.794696875 0.2945643375 0.7818177078125 0.31727941249999997 0.76439375 0.36137316249999996 0.7433708328125 0.4298125 0.7454541671875 0.45757720625 0.7492427078125 0.4789558828125 0.769696875 0.508351103125
0 0.9989583328125 0.945134190625 0.9989583328125 0.8208694859375001 0.8507572921875 0.41066727968750005 0.8727270828125 0.3799356625 0.8689395828125 0.3251525734375 0.8628791671875 0.2850661765625 0.8333333328125001 0.2529981625 0.81060625 0.254334559375 0.7901510421875 0.2917481625 0.2075760421875 0.28640257343750003 0 0.79548345625 0.0022729171875 0.9250919124999999 0.018182292187499997 0.9478069859374999 0.9989583328125 0.945134190625
6 0.3060604171875 0.052716912500000004 0.2149625 0.277740809375 0.7833333328125 0.2718492640625 0.7098489578125 0.056726103125 0.3060604171875 0.052716912500000004
4 0.3279041671875 0.1490808828125 0.3390395828125 0.14366360312499998 0.3495979171875 0.13215073593749999 0.360540625 0.1216544125 0.3720604171875 0.1084485296875 0.38319479218749997 0.0945661765625 0.383003125 0.0847463234375 0.37916354218750004 0.07628125 0.3743635421875 0.07526470625000001 0.3664927078125 0.0776360296875 0.36169270781249996 0.0783125 0.356509375 0.0837297796875 0.3580458328125 0.086101103125 0.3572770828125 0.0938878671875 0.3536302078125 0.096259190625 0.3398072921875 0.10709375000000002 0.3179208328125 0.120977940625 0.3050583328125 0.1294430140625 0.3017947921875 0.14095404375 0.30601875 0.1524669125 0.3048666671875 0.15483823593749999 0.3146572921875 0.1524669125 0.3279041671875 0.1490808828125
2 0.6404197921875 0.18836397031250002 0.6116958328125001 0.13770220625000001 0.576175 0.15007720625 0.5742020828125 0.1824411765625 0.602925 0.23129044062499998 0.6377885421875 0.21852757343749998 0.6404197921875 0.18836397031250002
8 0.7165052078125 0.24289154375000002 0.7193552078125001 0.2270367640625 0.7149697921875 0.20267279375 0.7037875 0.19184375 0.7037875 0.176375 0.6994020828124999 0.16013235312500002 0.683834375 0.1520110296875 0.6619083328124999 0.15007720625 0.6535760421875 0.1628400734375 0.6459010421875 0.174055146875 0.6461208328125 0.1953253671875 0.6570843749999999 0.2107941171875 0.6739677078125 0.23516176406249997 0.6792302078125 0.2421194859375 0.698525 0.24869301406250002 0.7165052078125 0.24289154375000002
2 0.654671875 0.068477940625 0.628140625 0.0765992640625 0.625290625 0.1044430140625 0.6520406249999999 0.1389117640625 0.6814229171874999 0.1365422796875 0.6875614578125 0.1056047796875 0.654671875 0.068477940625