5 0.6779760421875001 0.3348933828125 0.5892854171875 0.339023896875 0.6071427078125 0.512336396875 0.7130947921875 0.5081378671875 0.6779760421875001 0.3348933828125
5 0.6078864578125 0.5123419124999999 0.6428572921875 0.78532904375 0.7779760421875 0.783227940625 0.7125 0.5070882359375 0.6078864578125 0.5123419124999999
5 0.8154760421875 0.5060367640625001 0.7142854171875 0.5123419124999999 0.77738125 0.78007904375 0.91488125 0.7863786765625 0.8154760421875 0.5060367640625001
5 0.23735104218749997 0.3469007359375 0.17738125 0.512336396875 0.28511875 0.5081378671875 0.326190625 0.3306930140625 0.23735104218749997 0.3469007359375
5 0.18154791718750002 0.5031507359375 0.07678541718750001 0.7842775734375 0.2142854171875 0.7842775734375 0.2875 0.49658823593749996 0.18154791718750002 0.5031507359375
5 0.3854166671875 0.08823529375 0.36488125 0.16054227968749998 0.4303572921875 0.1615919125 0.44166666718750003 0.08809375 0.3854166671875 0.08823529375
5 0.2953864578125 0.1565128671875 0.271428125 0.24873897031249997 0.3517854171875 0.23928860312500003 0.36488125 0.15319301406250002 0.2953864578125 0.1565128671875
5 0.3625 0.15214154375 0.367559375 0.1565128671875 0.3452385421875 0.25188970624999996 0.41964270781249996 0.24558823593749998 0.428571875 0.159492646875 0.3625 0.15214154375
5 0.5669645828125 0.16176470625 0.57738125 0.244538603125 0.6529760421875 0.24663970625 0.6309520828124999 0.1563419125 0.5669645828125 0.16176470625
5 0.6892854171875 0.15529227968749998 0.633928125 0.15520036718750002 0.651190625 0.24663970625 0.72738125 0.249788603125 0.6892854171875 0.15529227968749998
10 0.3552083328125 0.137867646875 0.3541666671875 0.13051470625 0.3625 0.1084558828125 0.3791666671875 0.0955882359375 0.3791666671875 0.086397059375 0.371875 0.0772058828125 0.3427083328125 0.1047794125 0.33541666718749996 0.10294117656249999 0.33125 0.0900735296875 0.3260416671875 0.08823529375 0.30520833281250004 0.125 0.30416666718749996 0.13970588281250002 0.309375 0.15441176406249998 0.3416666671875 0.15441176406249998 0.3552083328125 0.137867646875
4 0.6135416671875 0.0827205875 0.609375 0.0772058828125 0.5947916671875 0.0790441171875 0.584375 0.1047794125 0.5635416671875 0.1341911765625 0.5677083328125 0.15441176406249998 0.59375 0.137867646875 0.6145833328125 0.1047794125 0.6135416671875 0.0827205875
2 0.6833333328125 0.1341911765625 0.684375 0.0955882359375 0.675 0.0919117640625 0.665625 0.075367646875 0.653125 0.069852940625 0.6270833328125 0.080882353125 0.6239583328125 0.106617646875 0.6458333328125 0.137867646875 0.6604166671875 0.143382353125 0.6833333328125 0.1341911765625
1 0.321875 0.4393382359375 0.3302083328125 0.47610294062499997 0.3645833328125 0.49632352968750004 0.3791666671875 0.487132353125 0.3885416671875 0.4705882359375 0.3916666671875 0.419117646875 0.36666666718749996 0.294117646875 0.35 0.27573529375 0.3291666671875 0.273897059375 0.3104166671875 0.28492647031249996 0.2989583328125 0.30698529375 0.2979166671875 0.34375 0.309375 0.40073529375000005 0.30625 0.4209558828125 0.321875 0.4393382359375
1 0.340625 0.78676470625 0.35104166718749996 0.7794117640625 0.3614583328125 0.6856617640625 0.315625 0.5404411765625 0.2958333328125 0.512867646875 0.2541666671875 0.512867646875 0.22395833281250002 0.56801470625 0.2260416671875 0.643382353125 0.2822916671875 0.7518382359375 0.3166666671875 0.7830882359375 0.340625 0.78676470625
1 0.7427083328124999 0.4522058828125 0.7479166671875 0.4779411765625 0.7625 0.4981617640625 0.775 0.5036764703125 0.7947916671875 0.49448529375000005 0.809375 0.47426470624999995 0.859375 0.362132353125 0.8645833328125001 0.3290441171875 0.8635416671874999 0.3125 0.85625 0.2977941171875 0.8270833328125 0.27757352968750004 0.8052083328125 0.2794117640625 0.7822916671875 0.3106617640625 0.753125 0.398897059375 0.7375 0.4080882359375 0.7447916671875 0.4264705875 0.7427083328124999 0.4522058828125
7 0.4739583328125 0.6029411765625 0.4791666671875 0.5974264703125 0.48333333281249996 0.5643382359375 0.48020833281249997 0.4669117640625 0.484375 0.44117647031249996 0.49583333281249997 0.41176470624999995 0.48229166718750005 0.375 0.48541666718750004 0.3602941171875 0.5 0.34007352968750004 0.503125 0.299632353125 0.521875 0.24448529375 0.5375 0.21323529375 0.5614583328125 0.137867646875 0.553125 0.1139705875 0.5479166671875 0.1139705875 0.5291666671875 0.15073529375 0.47291666718750003 0.2794117640625 0.45729166718750003 0.3272058828125 0.45520833281249995 0.37132352968750004 0.3958333328125 0.5606617640625 0.41041666718750003 0.575367646875 0.4739583328125 0.6029411765625
0 0.2089677078125 0.2901819859375 0 0.9621452203124999 0.9989583328125 0.9647205874999999 0.80448125 0.2848088234375 0.2089677078125 0.2901819859375
6 0.3038708328125 0.051852940624999996 0.21243541718749998 0.29124816249999996 0.78988125 0.287384190625 0.6957083328125 0.0620349265625 0.3038708328125 0.051852940624999996