0 0.20833333281250002 0.7590238968749999 0.034090625 0.9981617640625 0.9318177078125001 0.9981617640625 0.8030302078125 0.7715753671875001 0.20833333281250002 0.7590238968749999
6 0.3361739578125 0.5701875000000001 0.21439375 0.7515330875 0.7833333328125 0.7515330875 0.6727270828125 0.5658069859375 0.3361739578125 0.5701875000000001
10 0.33125 0.7169117640625 0.340625 0.68198529375 0.353125 0.669117646875 0.3541666671875 0.6580882359375 0.33030312500000003 0.6713639703125 0.3072916671875 0.6764705875 0.2802083328125 0.705882353125 0.275 0.731617646875 0.2989583328125 0.7352941171875 0.321875 0.7279411765625 0.33125 0.7169117640625
10 0.36770833281250004 0.61948529375 0.3895833328125 0.59926470625 0.390625 0.5900735296875 0.3691125 0.598851103125 0.3573885421875 0.6106213234375 0.35378125 0.61157720625 0.3465666671875 0.6093492640625 0.321875 0.625 0.321875 0.643382353125 0.3541666671875 0.643382353125 0.3645833328125 0.6341911765625 0.36770833281250004 0.61948529375
10 0.35234375 0.609375 0.00078125 0.00390625
10 0.42395833281249995 0.6323529406249999 0.4270833328125 0.6084558828125 0.43333333281249997 0.6029411765625 0.4 0.6084558828125 0.38229166718749996 0.625 0.3802083328125 0.6360294125 0.384375 0.6452205875 0.415625 0.643382353125 0.42395833281249995 0.6323529406249999
4 0.6010416671875001 0.58823529375 0.5916666671875 0.5790441171875 0.5833333328125 0.5845588234375 0.5697916671875001 0.6176470593750001 0.5604166671875 0.6231617640625 0.5635416671875 0.6470588234375 0.584375 0.6360294125 0.6020833328124999 0.606617646875 0.6010416671875001 0.58823529375
2 0.6677125 0.60825 0.659628125 0.6006746328125 0.6485125 0.5877536765625 0.6384072921875 0.5792867640625 0.6125 0.58595220625 0.6114583328125 0.60617279375 0.6416666671875 0.6392610296875 0.6645833328124999 0.6319080875 0.6677125 0.60825
5 0.3754541671875 0.642851103125 0.350565625 0.7326599265625 0.420140625 0.7316617640625 0.4354135421875 0.64686029375 0.3754541671875 0.642851103125
5 0.6195270828125 0.6499944859375 0.5585895828125 0.6487426468749999 0.5782364578125 0.73632904375 0.6481645828125 0.73926470625 0.6195270828125 0.6499944859375
5 0.68013125 0.6470588234375 0.6239395828125 0.648007353125 0.6488302078125 0.7339797796875 0.7234197921875001 0.7310441171875001 0.68013125 0.6470588234375
7 0.540625 0.63051470625 0.53125 0.6397058828125 0.4770833328125 0.762867646875 0.46212395781250004 0.7991139703125001 0.5010416671875 0.794117646875 0.5416666671875 0.68198529375 0.540625 0.63051470625
7 0.4739583328125 0.9981617640625 0.4916666671875 0.9264705875000001 0.4360375 0.9233419125 0.4047333328125 0.9981617640625 0.4417760421875 0.9981617640625 0.465625 0.9963235296875 0.4739583328125 0.9981617640625