1 0.7962125 0.9973878671874999 0.8265156250000001 0.9981617640625 0.8681822921875 0.9981617640625 0.8848489578125 0.8918308828124999 0.8833333328125 0.838384190625 0.8871208328125 0.8063161765625001 0.8477270828125001 0.7689044125 0.8128791671875 0.7582150734375 0.7984854171875 0.780928309375 0.7886364578125 0.8490735296875 0.78125 0.9378345593749999 0.7787875 0.9279080875 0.7863635421875 0.9746727937499999 0.7962125 0.9973878671874999
1 0.3507572921875 0.9981617640625 0.369696875 0.9981617640625 0.373484375 0.9479503671874999 0.3636364578125 0.78761029375 0.35378750000000003 0.7608860296875 0.3212125 0.7595496328125 0.2939395828125 0.7849375000000001 0.2901510421875 0.8143327203125 0.28560625 0.8464007359375 0.298484375 0.9933805140624999 0.298484375 0.9973878671874999 0.3151510421875 0.9981617640625 0.3507572921875 0.9981617640625
0 0.8993375 0.844009190625 0.8910041671875 0.7812095593749999 0.8607010421875 0.74379595625 0.844034375 0.74379595625 0.8129739578124999 0.7584944859375 0.2023677078125 0.7651746328125 0.051609375 0.9830882359374999 0.954640625 0.9923235296874999 0.8955489578125 0.9014632359375 0.8993375 0.844009190625
5 0.2836177078125 0.83198345625 0.22793541718750002 0.8209889703125001 0.12982916718749998 0.9909871328125 0.259375 0.9802977937499999 0.2881625 0.9001286765625001 0.2836177078125 0.83198345625
5 0.314109375 0.6471930140625 0.27376875 0.7317702203125 0.3480114578125 0.7344430140625 0.37831458281249997 0.6462555140624999 0.314109375 0.6471930140625
5 0.4305875 0.6538768375 0.3798291671875 0.6462555140624999 0.354071875 0.7317702203125 0.41846562499999995 0.7317702203125 0.4305875 0.6538768375
5 0.43664791718749996 0.6475919125 0.44573854218750003 0.5970588234374999 0.3964958328125 0.5874650734375 0.3775572921875 0.6475919125 0.43664791718749996 0.6475919125
5 0.5753874999999999 0.7314080875 0.6488583328125 0.7337536765625 0.6202677078125001 0.6493180140625 0.5614239578125 0.6506231625 0.5605501171875 0.64999311875 0.5753874999999999 0.7314080875
5 0.39105416718749997 0.588944853125 0.38816666718750004 0.5862647062499999 0.3822395828125 0.591625 0.3743375 0.5977904406250001 0.3595958328125 0.6111911765625 0.356253125 0.613602940625 0.3472864578125 0.611727940625 0.3399927078125 0.61253125 0.334065625 0.61413970625 0.3240354171875 0.6213768375 0.3191729171875 0.6288823531250001 0.32175625 0.6404080875 0.3249479171875 0.6417481625 0.3337614578125 0.6430882359375001 0.3462229171875 0.6436231625 0.3481989578125 0.6430882359375001 0.3559489578125 0.6387996328125001 0.364459375 0.6318308828125 0.3670052078125 0.6188933828125001 0.3788958328125 0.6074393375 0.3909020828125 0.5983253671875 0.3928770828125 0.5918933828124999 0.39105416718749997 0.588944853125
4 0.5677749999999999 0.64898345625 0.5712697921875 0.64389154375 0.5781083328125 0.637726103125 0.5834270828125 0.6318308828125 0.5901135421875 0.6251286765625 0.593609375 0.6205735296875 0.5966489578124999 0.6144080875 0.6007520828125 0.604490809375 0.602271875 0.592696690625 0.60014375 0.5876047796874999 0.5916333328125 0.5859963234375 0.584946875 0.5892132359375 0.5826677078125 0.591625 0.5799322921875001 0.5999338234375 0.5794760421875 0.6069025734375 0.5735489578124999 0.611727940625 0.5700541671875 0.6195 0.5635197921875 0.6251286765625 0.5612395828125 0.630961396875 0.560784375 0.6436231625 0.563215625 0.6503253671875 0.5677749999999999 0.64898345625
2 0.6685302078124999 0.606367646875 0.6373760421875 0.5795643375 0.6130614578125 0.5849246328125 0.6118458328124999 0.6055625 0.6395041671875 0.6356544125 0.6395041671875 0.6363860296875 0.6668583328125 0.630757353125 0.6685302078124999 0.606367646875
5 0.679928125 0.6495202203125 0.6227875 0.6514099265625 0.64891875 0.7304669125000001 0.7233833328125 0.733147059375 0.679928125 0.6495202203125
6 0.336265625 0.5544448531249999 0.202975 0.768757353125 0.7839437499999999 0.765898896875 0.6753666671875 0.5558180140625 0.336265625 0.5544448531249999
0 0.898609375 0.8234944859375 0.8774520828125001 0.7590422796875 0.8293687500000001 0.7386874999999999 0.1870447921875 0.7590422796875 0.0113958328125 0.9981617640625 0.963040625 0.9981617640625 0.8889927078125 0.915086396875 0.898609375 0.8234944859375