1 0.2962125 0.50701470625 0.2530302078125 0.516367646875 0.21969687499999999 0.555117646875 0.21969687499999999 0.6339503671875 0.2878791671875 0.7640367640625 0.28939375 0.775584559375 0.35984895781250004 0.6727003671875 0.2962125 0.50701470625
7 0.4818177078125 0.43753308750000003 0.49772708281250005 0.40546507343749993 0.484090625 0.384086396875 0.48939374999999996 0.35602757343749997 0.4992427078125 0.323959559375 0.5219697921875001 0.26115992656250003 0.5462125 0.1743088234375 0.5371208328125 0.1569393375 0.523484375 0.17965257343750002 0.49772708281250005 0.23978125 0.4583333328125 0.3212867640625 0.4560604171875 0.3720625 0.44772708281250007 0.39076838281250004 0.3986739578125 0.5534761031250001 0.3931822921875 0.560461396875 0.47803020781249994 0.599209559375 0.4818177078125 0.43753308750000003
1 0.8666666671875 0.326632353125 0.8545458328125 0.28521139687499997 0.8015156250000001 0.2731856625 0.7825760421875 0.3039172796875 0.7443177078125001 0.4331544125 0.76439375 0.48429963281250005 0.7969697921875001 0.508351103125 0.8666666671875 0.326632353125
5 0.7151520828125 0.5043419124999999 0.6079541671875 0.5033419125 0.6454541671875 0.783601103125 0.7757572921875 0.78761029375 0.7151520828125 0.5043419124999999
5 0.5863635421875 0.337321690625 0.6075760421874999 0.5043419124999999 0.7113635421875 0.49231617656250004 0.6719697921875001 0.33063970625 0.5863635421875 0.337321690625
5 0.71875 0.5050128671875 0.7795458328125 0.7849375000000001 0.9212125 0.77692095625 0.8174239578125 0.4976617640625 0.71875 0.5050128671875
5 0.21136354218750003 0.6352867640625 0.20984895781250001 0.5350735296875 0.255303125 0.5043419124999999 0.1704541671875 0.5003345593749999 0.1598489578125 0.544428309375 0.11363645781250001 0.6673547796875 0.0814395828125 0.7840900734375 0.20984895781250001 0.7849375000000001 0.2348489578125 0.69407904375 0.21136354218750003 0.6352867640625
5 0.23409062500000002 0.33999448593750003 0.1833333328125 0.4936525734375 0.2825760421875 0.5016691171875001 0.323484375 0.33999448593750003 0.23409062500000002 0.33999448593750003
5 0.28409062500000004 0.5043419124999999 0.38560625000000004 0.50701470625 0.40681770781250004 0.3386580875 0.3227270828125 0.34132904375 0.28409062500000004 0.5043419124999999
2 0.6443749999999999 0.1809889703125 0.6080114578125 0.1315514703125 0.5777083328125 0.14625 0.5720260421875001 0.172459559375 0.603465625 0.2290919125 0.6383145828125001 0.2157297796875 0.6443749999999999 0.1809889703125
8 0.703465625 0.19167830937500002 0.7042239578125 0.1702996328125 0.68376875 0.14892095625 0.660284375 0.15159375 0.6474052078125 0.17564522031250002 0.6527083328125001 0.20236764687500003 0.6752458328125 0.23094852968750001 0.7148291671875 0.243790440625 0.7239208328125 0.2157297796875 0.703465625 0.19167830937500002
2 0.6572541671875001 0.067415440625 0.6314958328125 0.0781047796875 0.6239208328125 0.10482720625 0.655359375 0.14238051406250002 0.6867989578125 0.1262058828125 0.6875572921875001 0.09948345625 0.6572541671875001 0.067415440625
4 0.3474052078125 0.1302150734375 0.3701322921875 0.1141819859375 0.3807385421875 0.07944117656250001 0.37619270781249997 0.0754319859375 0.3595260421875 0.0714246328125 0.3557385421875 0.0861213234375 0.3580114578125 0.0941378671875 0.3413447921875 0.10883639687499999 0.3231625 0.11551654375 0.3042239578125 0.1275422796875 0.30498125 0.14238051406250002 0.3027083328125 0.14892095625 0.3254354171875 0.14357720624999998 0.3474052078125 0.1302150734375
6 0.294375 0.0420275734375 0.30119270781249996 0.04545404375 0.20952604218749998 0.287882353125 0.7875572921875 0.2945643375 0.6951322921875 0.05138051406250001 0.294375 0.0420275734375
0 0.8723864578124999 0.3200422796875 0.8208708328125001 0.2665955875 0.7875375 0.2879742640625 0.2117802078125 0.2799577203125 0.0052042921875 0.78924388125 0.010265625 0.797055146875 0.0048795671875 0.790044446875 0.0042041671875 0.791709559375 0.0042041671875 0.7891653203125 0 0.7836930140625 0.017840625 0.9279981625 0.9989583328125 0.9493768375 0.9989583328125 0.8264503671875 0.8519322921875 0.4563308828125 0.8564770828125001 0.40021323593749997 0.8723864578124999 0.3200422796875