5 0.31270937499999996 0.8247150734375 0.22119375 0.827365809375 0.13075 0.9981617640625 0.25265208281249996 0.9981617640625 0.31270937499999996 0.8247150734375
5 0.3691927078125 0.9981617640625 0.4038677078125 0.8303897062500001 0.3110114578125 0.8305202203125001 0.31270937499999996 0.8253455875 0.253009375 0.9981617640625 0.3691927078125 0.9981617640625
5 0.3459802078125 0.5925349265625 0.318140625 0.650990809375 0.3777875 0.6530625 0.3957104171875 0.5960514703124999 0.3459802078125 0.5925349265625
5 0.3180666671875 0.65151654375 0.2731854171875 0.7385808828125 0.3510489578125 0.7344356624999999 0.3766114578125 0.6489172796875 0.3180666671875 0.65151654375
5 0.43543750000000003 0.6520202203125 0.3771229171875 0.6512205875 0.3497604171875 0.7335753671874999 0.4192427078125 0.7308106624999999 0.43543750000000003 0.6520202203125
5 0.5511541671875 0.5918713234374999 0.5618635421875 0.6529172796875 0.620375 0.6496911765625 0.6049635421875 0.5948621328125 0.5511541671875 0.5918713234374999
5 0.5616020828125 0.654834559375 0.5762302078125 0.736851103125 0.6491083328125 0.735928309375 0.6224645828125001 0.651148896875 0.5616020828125 0.654834559375
5 0.6794864578124999 0.6527003671875 0.6201291671875 0.6511268375 0.6478385421875 0.73642095625 0.7247177078125 0.73498345625 0.6794864578124999 0.6527003671875
5 0.61875 0.643382353125 0.6229166671875 0.6470588234375 0.6416666671875 0.65073529375 0.64375 0.6488970593750001 0.6520833328125 0.6488970593750001 0.6552083328125 0.6470588234375 0.6583333328125 0.6397058828125 0.65625 0.6268382359375 0.6479166671875001 0.6139705875 0.6479166671875001 0.6084558828125 0.6510416671875 0.6047794125 0.6520833328125 0.59926470625 0.65 0.5900735296875 0.646875 0.5863970593750001 0.64375 0.58823529375 0.6395833328125 0.59926470625 0.6276041671875 0.612132353125 0.621875 0.612132353125 0.6135416671875 0.61948529375 0.6125 0.6231617640625 0.6135416671875 0.6341911765625 0.6177083328124999 0.6397058828125 0.61875 0.643382353125
8 0.6260416671875 0.950367646875 0.6395833328125 0.9981617640625 0.715625 0.9981617640625 0.7166666671875 0.9724264703125 0.7041666671875 0.9301470593750001 0.7020833328125 0.875 0.696875 0.8584558828125 0.6833333328125 0.8400735296875 0.6635416671875001 0.8272058828125 0.6458333328125 0.8272058828125 0.634375 0.8327205875000001 0.63125 0.8455882359375 0.6177083328124999 0.856617646875 0.5833333328125 0.8327205875000001 0.5791666671875 0.8363970593750001 0.578125 0.8547794124999999 0.6020833328124999 0.8713235296875 0.6260416671875 0.9393382359375 0.6260416671875 0.950367646875
8 0.840625 0.9981617640625 0.8541666671874999 0.9926470593750001 0.8072916671874999 0.8952205875000001 0.8010416671874999 0.8676470593750001 0.775 0.8327205875000001 0.7395833328125 0.8235294124999999 0.7322916671875 0.8272058828125 0.715625 0.862132353125 0.7135416671875 0.8731617640625 0.7177083328125 0.9025735296875 0.759375 0.9963235296875 0.840625 0.9981617640625
8 0.403125 0.6488970593750001 0.425 0.6488970593750001 0.4291666671875 0.6470588234375 0.43541666718750005 0.6397058828125 0.4375 0.6341911765625 0.4375 0.6286764703125 0.440625 0.6158088234375 0.446875 0.6047794125 0.4479166671875 0.59926470625 0.446875 0.59375 0.43854166718750004 0.5900735296875 0.4135416671875 0.5919117640625 0.4 0.59926470625 0.3927083328125 0.612132353125 0.3916666671875 0.61948529375 0.3927083328125 0.6360294125 0.3958333328125 0.643382353125 0.403125 0.6488970593750001
0 0.792590625 0.77026654375 0.207125 0.7761893375 0.067015625 0.9981617640625 0.9351041671875 0.9981617640625 0.792590625 0.77026654375
6 0.3308354171875 0.571601103125 0.2100947921875 0.7761433828125 0.7790177078125 0.7701580875 0.6704354171875 0.5766305140625 0.3308354171875 0.571601103125