8 0.7208333328125 0.9981617640625 0.7166666671875 0.8915441171875 0.69375 0.8584558828125 0.6489583328124999 0.8529411765624999 0.621875 0.9099264703125 0.621875 0.9375 0.6270833328125 0.9448529406249999 0.6364583328125 0.9981617640625 0.7208333328125 0.9981617640625
8 0.8270833328125 0.9025735296875 0.7947916671875 0.856617646875 0.75 0.8547794124999999 0.73125 0.8915441171875 0.7354166671875 0.9375 0.75625 0.9981617640625 0.8458333328125001 0.9981617640625 0.8270833328125 0.9025735296875
7 0.46979166718750004 0.9981617640625 0.4895833328125 0.9613970593750001 0.4947916671875 0.9411764703125 0.490625 0.924632353125 0.5135416671875 0.78125 0.540625 0.71323529375 0.5541666671875001 0.65625 0.5604166671875 0.6525735296875 0.5572916671875 0.6360294125 0.5479166671875 0.63051470625 0.5322916671875 0.6525735296875 0.5104166671875 0.71323529375 0.475 0.77573529375 0.46666666718750005 0.8088235296875 0.45208333281249996 0.8400735296875 0.446875 0.9136029406249999 0.434375 0.9338235296875 0.4135416671875 0.9981617640625 0.46979166718750004 0.9981617640625
2 0.6416666671875 0.7169117640625 0.6427083328125 0.6893382359375 0.6114583328125 0.65073529375 0.590625 0.65073529375 0.5770833328125 0.6599264703125 0.5760416671875 0.6801470593750001 0.60625 0.731617646875 0.6364583328125 0.72426470625 0.6416666671875 0.7169117640625
10 0.69375 0.7518382359375 0.7052083328125 0.7463235296875 0.7083333328125 0.737132353125 0.7083333328125 0.7224264703125 0.6885416671875 0.6838235296875 0.6885416671875 0.6599264703125 0.684375 0.66176470625 0.6802083328124999 0.6856617640625 0.653125 0.6985294125 0.6489583328124999 0.705882353125 0.6489583328124999 0.7205882359375 0.6614583328125 0.7426470593750001 0.69375 0.7518382359375
5 0.2992427078125 0.84926470625 0.24090937499999998 0.9981617640625 0.3674239578125 0.9961433828124999 0.39015104218749996 0.8625275734375 0.2992427078125 0.84926470625
5 0.2007572921875 0.84926470625 0.1219697921875 0.9974797796875 0.2272729171875 0.9981617640625 0.29242395781249997 0.8518382359375 0.2007572921875 0.84926470625
8 0.3260416671875 0.7481617640625 0.3416666671875 0.7261029406249999 0.3614583328125 0.6727941171875 0.35104166718749996 0.6599264703125 0.325 0.6599264703125 0.2947916671875 0.6801470593750001 0.2854166671875 0.700367646875 0.2833333328125 0.7352941171875 0.2875 0.74448529375 0.3 0.7518382359375 0.3260416671875 0.7481617640625
2 0.4135416671875 0.7205882359375 0.4125 0.6856617640625 0.4010416671875 0.65073529375 0.371875 0.65073529375 0.36666666718749996 0.6580882359375 0.365625 0.700367646875 0.3708333328125 0.731617646875 0.3916666671875 0.731617646875 0.4135416671875 0.7205882359375
2 0.6083333328125 0.5955882359375 0.5885416671875 0.5955882359375 0.5802083328125 0.6213235296875 0.5677083328125 0.6360294125 0.56875 0.6580882359375 0.5979166671875 0.6397058828125 0.609375 0.6139705875 0.6083333328125 0.5955882359375
0 0.1860770828125 0.77115625 0.0260510421875 0.9901102937499999 0.958396875 0.9928731624999999 0.796215625 0.7911213234375001 0.1860770828125 0.77115625
6 0.31045520781249997 0.568946690625 0.2172208328125 0.73170220625 0.7640927078125 0.7579577203125 0.6873114578124999 0.5714044125 0.31045520781249997 0.568946690625