5 0.71060625 0.511023896875 0.61060625 0.5043419124999999 0.6462125000000001 0.775584559375 0.773484375 0.77959375 0.71060625 0.511023896875
5 0.9113635421874999 0.780928309375 0.8166666671874999 0.5016691171875001 0.7159093750000001 0.5033419125 0.7136364578125 0.5030055140624999 0.7787875 0.780928309375 0.9113635421874999 0.780928309375
5 0.59375 0.3362297796875 0.6068177078125 0.5016691171875001 0.7128791671875 0.505678309375 0.6689395828125 0.33999448593750003 0.59375 0.3362297796875
8 0.7729166671875001 0.5 0.7875 0.481617646875 0.7875 0.4466911765625 0.7791666671875 0.37867647031249996 0.7614583328125 0.3455882359375 0.721875 0.336397059375 0.7 0.36948529375 0.696875 0.3952205875 0.7208333328125 0.47426470624999995 0.7510416671875 0.5018382359375 0.7729166671875001 0.5
7 0.4507572921875 0.5858492640625 0.45729166718750003 0.5955882359375 0.475 0.6011029406249999 0.4791666671875 0.5955882359375 0.48333333281249996 0.5643382359375 0.4791666671875 0.4595588234375 0.49583333281249997 0.40992647031249996 0.484375 0.382352940625 0.48333333281249996 0.3658088234375 0.49895833281249996 0.3419117640625 0.5 0.3143382359375 0.50625 0.288602940625 0.540625 0.20220588281250002 0.5572916671875 0.143382353125 0.5520833328125 0.13051470625 0.534375 0.1452205875 0.4739583328125 0.27757352968750004 0.45625 0.33823529375 0.45625 0.3841911765625 0.398484375 0.5484356625 0.4401510421875 0.5738235296875 0.4507572921875 0.5858492640625
5 0.280303125 0.5083547796875 0.2166666671875 0.7849375000000001 0.3477270828125 0.778257353125 0.3871208328125 0.5016691171875001 0.280303125 0.5083547796875
5 0.1770833328125 0.50167095625 0.0780302078125 0.778257353125 0.2166666671875 0.77692095625 0.2810604171875 0.5043419124999999 0.1770833328125 0.50167095625
5 0.23958333281250002 0.33957169062500003 0.1772729171875 0.49899816250000006 0.2825760421875 0.5043419124999999 0.319696875 0.34132904375 0.23958333281250002 0.33957169062500003
5 0.3257572921875 0.3362297796875 0.2810604171875 0.5003345593749999 0.3848489578125 0.5016691171875001 0.4075760421875 0.3440018375 0.3257572921875 0.3362297796875
0 0.7795458328125 0.283875 0.2075760421875 0.283875 0 0.8290312500000001 0.9989583328125 0.8410569859375 0.7795458328125 0.283875
6 0.301515625 0.0618878671875 0.3020833328125 0.062165440625 0.2166666671875 0.26498529375 0.7704541671875 0.2770110296875 0.6878791671875 0.0498621328125 0.301515625 0.0618878671875
2 0.4135416671875 0.20404411718749998 0.4166666671875 0.18198529375 0.4 0.143382353125 0.36875 0.1470588234375 0.36875 0.1838235296875 0.378125 0.22977941249999997 0.41770833281249997 0.21875 0.4135416671875 0.20404411718749998
8 0.3604166671875 0.1525735296875 0.36770833281250004 0.137867646875 0.3625 0.112132353125 0.36875 0.0919117640625 0.3427083328125 0.086397059375 0.3260416671875 0.08823529375 0.321875 0.0955882359375 0.3177083328125 0.1213235296875 0.32083333281250004 0.143382353125 0.328125 0.1525735296875 0.3604166671875 0.1525735296875
8 0.4375 0.0955882359375 0.4270833328125 0.086397059375 0.40729166718750004 0.0845588234375 0.3854166671875 0.1047794125 0.3864583328125 0.137867646875 0.415625 0.1525735296875 0.4302083328125 0.137867646875 0.4375 0.0955882359375
4 0.5802083328125 0.24448529375 0.609375 0.2205882359375 0.6260416671875 0.18566176406249998 0.6270833328125 0.1470588234375 0.6104166671875 0.1470588234375 0.6041666671875 0.15441176406249998 0.6052083328125 0.1764705875 0.5989583328125 0.1911764703125 0.5760416671875 0.2169117640625 0.5802083328125 0.24448529375
4 0.6635416671875001 0.242647059375 0.6833333328125 0.2205882359375 0.696875 0.18933823593750002 0.69375 0.148897059375 0.6802083328124999 0.1470588234375 0.671875 0.15441176406249998 0.6583333328125 0.20772058750000003 0.6479166671875001 0.22242647031249999 0.653125 0.24448529375 0.6635416671875001 0.242647059375
5 0.3058708328125 0.15961029375 0.2719697921875 0.24093382343749997 0.3424239578125 0.24494301406250002 0.36666666718749996 0.15942830937500002 0.3058708328125 0.15961029375
5 0.5621208328125 0.0912830875 0.5674239578125 0.15942830937500002 0.623484375 0.14339522031250002 0.6128791671875 0.0886121328125 0.5621208328125 0.0912830875
5 0.669696875 0.0859393375 0.6242427078125 0.0912830875 0.63560625 0.16076470625 0.6681822921875 0.1527481625 0.6863635421875001 0.1393860296875 0.669696875 0.0859393375