5 0.6822916671875 0.8268768375000001 0.5959822921875 0.8298327203125 0.6220239578125 0.9981617640625 0.7447916671875 0.9981617640625 0.6822916671875 0.8268768375000001
5 0.772321875 0.8360680140625 0.6897322921875 0.8285183828125 0.7514885421875 0.9981617640625 0.8645833328125001 0.9981617640625 0.772321875 0.8360680140625
5 0.3125 0.8347555140624999 0.257440625 0.993632353125 0.36904791718749996 0.9923180140625 0.40178541718750005 0.8334430140625001 0.3125 0.8347555140624999
4 0.21949375 0.954240809375 0.24776770781250002 0.9279797796875 0.2979166671875 0.862132353125 0.30520833281250004 0.8400735296875 0.30520833281250004 0.825367646875 0.2989583328125 0.8216911765624999 0.22395833281250002 0.88051470625 0.171875 0.9356617640625 0.1302083328125 0.9926470593750001 0.1270833328125 0.9981617640625 0.1666666671875 0.9981617640625 0.180803125 0.997571690625 0.21949375 0.954240809375
0 0.20610104218749997 0.7733713234375 0.053571875000000005 0.9981617640625 0.93824375 0.9981617640625 0.7693447921875001 0.766477940625 0.20610104218749997 0.7733713234375
6 0.3303572921875 0.5724797796875001 0.2068447921875 0.763852940625 0.7619052078124999 0.7546617640625 0.6622020828124999 0.568211396875 0.3303572921875 0.5724797796875001
2 0.4135431625 0.7029794984375 0.41520625000000005 0.7042371328125 0.42017187500000003 0.6914301468749999 0.42055312499999997 0.686711396875 0.42395833281249995 0.6875 0.421875 0.669117646875 0.40729166718750004 0.6360294125 0.3791666671875 0.6397058828125 0.3739583328125 0.6525735296875 0.3800645828125 0.7096286765625 0.397253125 0.7163694859375 0.4048927078125 0.7123253671875001 0.40871250000000003 0.706259190625 0.4135431625 0.7029794984375
2 0.6322916671875001 0.674632353125 0.6083333328125 0.643382353125 0.5708333328124999 0.6452205875 0.5708333328124999 0.6709558828125 0.5989583328125 0.7169117640625 0.6333333328124999 0.7040441171875 0.6322916671875001 0.674632353125
4 0.6020833328124999 0.5900735296875 0.5854166671875001 0.5863970593750001 0.5697916671875001 0.6176470593750001 0.5604166671875 0.625 0.5635416671875 0.6488970593750001 0.5895833328125 0.6341911765625 0.6020833328124999 0.6102941171875 0.6020833328124999 0.5900735296875
5 0.6833520828124999 0.6496360296875 0.6222354171875 0.649805146875 0.647828125 0.7318731625 0.7249864578125 0.7332224265625 0.6833520828124999 0.6496360296875
5 0.6516479171875 0.5950367640625001 0.6069572921875 0.5943621328125 0.6233822921875001 0.6516599265624999 0.6825875 0.64626654375 0.6734208328125 0.642897059375 0.6516479171875 0.5950367640625001
5 0.34759687499999997 0.590992646875 0.3185666671875 0.6496360296875 0.37204270781250004 0.65098529375 0.3980166671875 0.590992646875 0.34759687499999997 0.590992646875
5 0.3178020828125 0.6511544125000001 0.278459375 0.72782904375 0.3483604171875 0.7352444859375 0.37318854218749997 0.6523327203125 0.3178020828125 0.6511544125000001
5 0.4308666671875 0.6469411765624999 0.443471875 0.5970588234374999 0.3983989578125 0.5938566171875 0.38082812499999996 0.63615625 0.41024062499999997 0.6327849265625 0.41520625000000005 0.6449191171875001 0.4308666671875 0.6469411765624999