8 0.6370260421875 0.9981617640625 0.710984375 0.9981617640625 0.7005677078125 0.875 0.6828593749999999 0.8400735296875 0.664109375 0.8272058828125 0.6359843749999999 0.8290441171875 0.629734375 0.84375 0.626575 0.8564797796875 0.6231302078125001 0.8616875 0.6227270828125 0.8839963234375 0.6210229171874999 0.8950275734375 0.62460625 0.88685845625 0.6161927078125 0.9099264703125 0.6370260421875 0.9981617640625
8 0.7416666671875001 0.955882353125 0.7583333328124999 0.9963235296875 0.83125 0.9981617640625 0.8333333328125001 0.9926470593750001 0.81875 0.93198529375 0.80625 0.9172794124999999 0.803125 0.8768382359375 0.7739583328124999 0.8327205875000001 0.734375 0.8272058828125 0.7166666671875 0.8602941171875 0.7135416671875 0.8713235296875 0.715625 0.8952205875000001 0.7239583328125 0.9338235296875 0.7416666671875001 0.955882353125
5 0.313284375 0.8270441171874999 0.2566645828125 0.9981617640625 0.36785729218749996 0.9954871328125 0.3958260421875 0.8282481625000001 0.313284375 0.8270441171874999
5 0.223409375 0.8219080875 0.1291 0.9981617640625 0.2430208328125 0.9981617640625 0.3098739578125 0.8294503671875001 0.223409375 0.8219080875
5 0.5648322921875 0.6525827203125 0.5784760421875 0.7307886031249999 0.645328125 0.728382353125 0.61940625 0.6501764703124999 0.5648322921875 0.6525827203125
7 0.475 0.955882353125 0.4947916671875 0.9154411765624999 0.4947916671875 0.9025735296875 0.48229166718750005 0.862132353125 0.49791666718750005 0.8400735296875 0.5052083328125 0.78125 0.54375 0.6764705875 0.5447916671875 0.65625 0.5510416671875 0.6415441171875 0.5447916671875 0.61948529375 0.5364583328125 0.6231617640625 0.45625 0.8161764703125 0.45104166718750005 0.8713235296875 0.409375 0.9981617640625 0.475 0.9981617640625 0.475 0.955882353125
8 0.33541666718749996 0.731617646875 0.35104166718749996 0.7150735296875 0.371875 0.65625 0.334375 0.65073529375 0.3072916671875 0.669117646875 0.2989583328125 0.6911764703125 0.2947916671875 0.7169117640625 0.30416666718749996 0.7297794125 0.315625 0.7352941171875 0.33541666718749996 0.731617646875
8 0.45 0.5863970593750001 0.4447916671875 0.58823529375 0.44375 0.5790441171875 0.41979166718750005 0.5827205875 0.39895833281250004 0.5974264703125 0.3927083328125 0.6102941171875 0.39375 0.6452205875 0.428125 0.6488970593750001 0.43541666718750005 0.6415441171875 0.45 0.5863970593750001
4 0.6023520828125 0.6104724265625 0.5927083328125 0.5790441171875 0.5802083328125 0.580882353125 0.575 0.5900735296875 0.5750656249999999 0.6140808828125001 0.5541666671875001 0.625 0.5635416671875 0.6488970593750001 0.5916666671875 0.6360294125 0.6023520828125 0.6104724265625
10 0.6604166671875 0.6415441171875 0.6541666671875 0.6231617640625 0.6552083328125 0.606617646875 0.646875 0.5863970593750001 0.6364583328125 0.606617646875 0.6177083328124999 0.6158088234375 0.6125 0.6286764703125 0.6229166671875 0.6470588234375 0.6427083328125 0.65073529375 0.6604166671875 0.6415441171875
10 0.6927083328125 0.7279411765625 0.6889864578125 0.712740809375 0.6896687499999999 0.695897059375 0.6875 0.69301470625 0.6791666671875001 0.6801470593750001 0.68125 0.6544117640625 0.678125 0.6452205875 0.6666666671875 0.6525735296875 0.66875 0.6599264703125 0.6635416671875001 0.6764705875 0.6385416671875 0.6875 0.6395833328125 0.71323529375 0.653125 0.7297794125 0.6791666671875001 0.7352941171875 0.6927083328125 0.7279411765625
5 0.3777489578125 0.6503639703124999 0.34926875 0.733194853125 0.4188489578125 0.7307886031249999 0.4297635421875 0.6525827203125 0.3777489578125 0.6503639703124999
5 0.3499510421875 0.5948308828125 0.3178885421875 0.6453639703125 0.37655520781249996 0.6477702203125 0.3949739578125 0.5948308828125 0.3499510421875 0.5948308828125
0 0.9277510421875 0.99432904375 0.7758572921875 0.771303309375 0.20476080312499997 0.7767403328125 0.0634177078125 0.9981617640625 0.9277510421875 0.99432904375
6 0.330196875 0.575476103125 0.217625 0.7631433828125 0.759665625 0.75498529375 0.6655989578125 0.575476103125 0.330196875 0.575476103125