5 0.59449375 0.8340330874999999 0.621428125 0.9981617640625 0.7380947921875001 0.9974779406250001 0.6833333328125 0.8305330874999999 0.59449375 0.8340330874999999
5 0.7767854171875 0.8287812499999999 0.6827385421875001 0.8315827203125 0.741071875 0.9981617640625 0.8595239578125 0.9974779406250001 0.7767854171875 0.8287812499999999
5 0.40059479218750005 0.82948345625 0.31175625 0.8287812499999999 0.253571875 0.9981617640625 0.37202395781250003 0.9981617640625 0.40059479218750005 0.82948345625
5 0.4449239578125 0.5945900734375 0.3964583328125 0.5932150734375 0.37723125 0.6517702203125 0.43507187500000005 0.6517702203125 0.4449239578125 0.5945900734375
5 0.3162135421875 0.6514007359375 0.2739458328125 0.7319338234375 0.34608645781249997 0.73529779375 0.376278125 0.65289154375 0.3162135421875 0.6514007359375
5 0.6511770828125 0.5940606625 0.60461875 0.5960202203125 0.6213041671874999 0.6512408093750001 0.6791437499999999 0.6495588234375 0.6511770828125 0.5940606625
5 0.6228927078125001 0.6542058828124999 0.648634375 0.7358878671875 0.724271875 0.7358878671875 0.682321875 0.6489981625000001 0.6228927078125001 0.6542058828124999
10 0.36875 0.6158088234375 0.390625 0.59926470625 0.3916666671875 0.5919117640625 0.384375 0.58823529375 0.3552083328125 0.6102941171875 0.3375 0.6084558828125 0.321875 0.6268382359375 0.321875 0.6470588234375 0.35 0.6488970593750001 0.3625 0.6397058828125 0.36875 0.6158088234375
2 0.421875 0.700367646875 0.421875 0.6801470593750001 0.40729166718750004 0.637867646875 0.3770833328125 0.6452205875 0.3760416671875 0.6801470593750001 0.38125 0.7169117640625 0.415625 0.7077205875 0.421875 0.700367646875
2 0.63125 0.6727941171875 0.6083333328125 0.643382353125 0.5895833328125 0.6341911765625 0.5697916671875001 0.6452205875 0.5697916671875001 0.669117646875 0.5979166671875 0.7150735296875 0.63125 0.705882353125 0.63125 0.6727941171875
4 0.5916666671875 0.6323529406249999 0.6010416671875001 0.612132353125 0.6020833328124999 0.5919117640625 0.5989583328125 0.5863970593750001 0.5822916671875 0.58823529375 0.5770833328125 0.6084558828125 0.559375 0.625 0.5625 0.6488970593750001 0.5916666671875 0.6323529406249999
4 0.2979166671875 0.8639705875000001 0.30625 0.8419117640625 0.30520833281250004 0.825367646875 0.2979166671875 0.8216911765624999 0.228125 0.875 0.128125 0.9926470593750001 0.125 0.9981617640625 0.175 0.9981617640625 0.1916666671875 0.9852941171875 0.2979166671875 0.8639705875000001
7 0.4770833328125 0.9724264703125 0.49583333281249997 0.9080882359375 0.4791666671875 0.8676470593750001 0.48645833281249995 0.84375 0.49791666718750005 0.8363970593750001 0.5052083328125 0.7794117640625 0.540625 0.6856617640625 0.5541666671875001 0.6397058828125 0.553125 0.6286764703125 0.5395833328124999 0.6231617640625 0.5333333328125 0.6323529406249999 0.4739583328125 0.762867646875 0.45416666718750004 0.8198529406249999 0.4447916671875 0.8897058828125 0.40833333281249995 0.9981617640625 0.478125 0.9981617640625 0.4770833328125 0.9724264703125
6 0.3297697921875 0.5781746328125 0.2105333328125 0.7753731625 0.7906854171875 0.7699871328125 0.6716010421874999 0.579319853125 0.3297697921875 0.5781746328125
0 0.20992291718749997 0.7735055140625 0.0645802078125 0.9981617640625 0.9238145828125001 0.9940459562499999 0.7974020828125 0.7689099265625 0.20992291718749997 0.7735055140625