7 0.23125 0.1838235296875 0.2375 0.2205882359375 0.2479166671875 0.23713235312499997 0.2614583328125 0.24448529375 0.296875 0.294117646875 0.303125 0.3235294125 0.3114583328125 0.34007352968750004 0.6333333328124999 0.7977941171875 0.6572916671875 0.8860294124999999 0.6729166671875 0.9209558828125 0.7083333328125 0.955882353125 0.7395833328125 0.9466911765624999 0.7625 0.9779411765624999 0.8135416671875 0.987132353125 0.8458333328125001 0.981617646875 0.8489583328125001 0.96323529375 0.8447916671875 0.9375 0.840625 0.9356617640625 0.8177083328125001 0.862132353125 0.7885416671875001 0.794117646875 0.7645833328125 0.7573529406249999 0.6104166671875 0.55698529375 0.5791666671875 0.5202205875 0.540625 0.4908088234375 0.2479166671875 0.106617646875 0.234375 0.09375 0.2208333328125 0.0955882359375 0.21979166718749998 0.101102940625 0.21979166718749998 0.125 0.2375 0.169117646875 0.2322916671875 0.17279411718749998 0.23125 0.1838235296875
5 0.2848489578125 0.503257353125 0.2869322921875 0.5050128671875 0.21287916718750002 0.7905330875 0.3477270828125 0.7851893375000001 0.3871208328125 0.50726654375 0.2848489578125 0.503257353125
5 0.175 0.50192095625 0.1789770828125 0.5066838234375 0.0825760421875 0.77717095625 0.21742395781249998 0.7932058828125 0.2848489578125 0.50192095625 0.175 0.50192095625
5 0.3007572921875 0.3429172796875 0.24090937499999998 0.33356433750000003 0.2348489578125 0.329555146875 0.23863645781249998 0.3328878671875 0.175 0.513946690625 0.28560625 0.5112738968749999 0.3174239578125 0.35360661718749997 0.3007572921875 0.3429172796875
5 0.6780302078125 0.33089154375 0.5878791671875 0.3429172796875 0.6070072921875 0.5066838234375 0.7068177078125 0.4992481625 0.705303125 0.4992481625 0.6780302078125 0.33089154375
5 0.8136364578125 0.503257353125 0.7130677078125001 0.5083547796875 0.7810604171875 0.78251654375 0.9174239578125001 0.7798437500000001 0.8136364578125 0.503257353125
8 0.7291666671875 0.481617646875 0.74375 0.49632352968750004 0.7583333328124999 0.4852941171875 0.7666666671875 0.4981617640625 0.784375 0.4834558828125 0.778125 0.3768382359375 0.765625 0.3602941171875 0.7614583328125 0.3455882359375 0.7229166671875 0.336397059375 0.7010416671875 0.375 0.7 0.3897058828125 0.7072916671875 0.4044117640625 0.715625 0.4540441171875 0.7291666671875 0.481617646875
0 0.9989583328125 0.9416121328125 0.9989583328125 0.7879522062500001 0.8204541671875001 0.3496893375 0.7560604171875001 0.2762003671875 0.1901510421875 0.274772059375 0.0045458328125 0.7811801468749999 0.010606250000000001 0.9202334562500001 0.6886364578124999 0.9456194859375 0.9989583328125 0.9416121328125
6 0.3030302078125 0.0582224265625 0.20909062500000003 0.263992646875 0.755303125 0.26265625 0.6863635421875001 0.0488694859375 0.3030302078125 0.0582224265625
2 0.4135416671875 0.21323529375 0.415625 0.1838235296875 0.4 0.1452205875 0.3708333328125 0.1470588234375 0.36770833281250004 0.1525735296875 0.3708333328125 0.20036764687500003 0.3791666671875 0.22977941249999997 0.4166666671875 0.21875 0.4135416671875 0.21323529375
8 0.3302083328125 0.15441176406249998 0.3614583328125 0.1525735296875 0.36770833281250004 0.13970588281250002 0.3798770828125 0.09634374999999999 0.3758979171875 0.0848161765625 0.3427083328125 0.086397059375 0.33541666718749996 0.09375 0.3260416671875 0.08823529375 0.3177083328125 0.106617646875 0.3145833328125 0.12316176406249998 0.31875 0.125 0.32083333281250004 0.1452205875 0.3302083328125 0.15441176406249998
8 0.40833333281249995 0.1525735296875 0.415625 0.1525735296875 0.4291666671875 0.13970588281250002 0.4375 0.0955882359375 0.4270833328125 0.086397059375 0.403125 0.086397059375 0.3854166671875 0.1047794125 0.38333333281250004 0.12316176406249998 0.3875 0.13970588281250002 0.4010416671875 0.13970588281250002 0.40833333281249995 0.1525735296875
4 0.6291666671875 0.169117646875 0.628125 0.148897059375 0.60625 0.148897059375 0.5989583328125 0.1911764703125 0.5760416671875 0.2169117640625 0.5791666671875 0.24632352968750001 0.6052083328125 0.226102940625 0.6229166671875 0.1966911765625 0.6291666671875 0.169117646875
4 0.696875 0.18933823593750002 0.6947916671875001 0.15073529375 0.6895833328125 0.1452205875 0.6739583328125 0.15073529375 0.6708333328125 0.16176470625 0.6760416671875 0.17095588281250002 0.6739583328125 0.18198529375 0.65 0.2205882359375 0.6489583328124999 0.23345588281250002 0.65625 0.24632352968750001 0.6833333328125 0.2205882359375 0.696875 0.18933823593750002
5 0.6158302078125 0.08201654375 0.5601260421875 0.08060110312499999 0.5633666671875 0.15495220625 0.6263229171875 0.1462444859375 0.6158302078125 0.08201654375
5 0.6713802078125 0.0863694859375 0.6241625 0.0833253671875 0.6324947921875 0.15386397031250001 0.6855760421875 0.1397132359375 0.6713802078125 0.0863694859375