7 0.1895833328125 0.9852941171875 0.20729166718749997 0.9981617640625 0.3 0.9981617640625 0.3625 0.9025735296875 0.378125 0.9080882359375 0.3885416671875 0.9411764703125 0.3958333328125 0.9448529406249999 0.39791666718749996 0.9375 0.39375 0.9264705875000001 0.409375 0.893382353125 0.4135416671875 0.856617646875 0.4302083328125 0.794117646875 0.44895833281249997 0.7647058828125 0.45520833281249995 0.74448529375 0.5260416671875 0.6341911765625 0.55 0.6158088234375 0.5666666671875 0.5845588234375 0.5708333328124999 0.5606617640625 0.6125 0.49448529375000005 0.6364583328125 0.487132353125 0.7020833328125 0.38051470625 0.7125 0.356617646875 0.715625 0.3290441171875 0.703125 0.2904411765625 0.7302083328125 0.25551470625 0.7322916671875 0.23529411718749998 0.7291666671875 0.2205882359375 0.5875 0.3529411765625 0.5854166671875001 0.362132353125 0.5302083328125 0.419117646875 0.5072916671875001 0.4375 0.4875 0.44301470624999995 0.35 0.575367646875 0.203125 0.7297794125 0.1510416671875 0.794117646875 0.1458333328125 0.8676470593750001 0.1427083328125 0.919117646875 0.153125 0.9393382359375 0.1760416671875 0.9577205875000001 0.1895833328125 0.9852941171875
10 0.6447916671875 0.9522058828125 0.6552083328125 0.9613970593750001 0.6625 0.9540441171875 0.659375 0.93198529375 0.66875 0.919117646875 0.6729166671875 0.893382353125 0.6822916671875 0.830882353125 0.68125 0.799632353125 0.7260416671875001 0.7665441171875 0.7333333328125 0.7463235296875 0.7333333328125 0.72426470625 0.7270833328124999 0.6948529406249999 0.7166666671875 0.6727941171875 0.6833333328125 0.6488970593750001 0.6572916671875 0.65073529375 0.6427083328125 0.6875 0.6479166671875001 0.7297794125 0.6677083328125 0.7775735296875 0.6416666671875 0.93198529375 0.6447916671875 0.9522058828125
8 0.7791666671875 0.6488970593750001 0.7895833328124999 0.637867646875 0.7927083328125 0.6268382359375 0.790625 0.6047794125 0.775 0.5294117640625 0.7552083328125 0.4852941171875 0.7135416671875 0.481617646875 0.69375 0.5165441171875 0.6927083328125 0.5404411765625 0.725 0.6231617640625 0.753125 0.6488970593750001 0.7791666671875 0.6488970593750001
8 0.3458333328125 0.30698529375 0.3604166671875 0.3033088234375 0.36666666718749996 0.2977941171875 0.371875 0.2830882359375 0.3708333328125 0.2702205875 0.3729166671875 0.2665441171875 0.3770833328125 0.2647058828125 0.3791666671875 0.2591911765625 0.3697916671875 0.24632352968750001 0.365625 0.24632352968750001 0.3614583328125 0.242647059375 0.3489583328125 0.242647059375 0.3322916671875 0.24632352968750001 0.3239583328125 0.2610294125 0.3229166671875 0.2794117640625 0.325 0.2977941171875 0.3302083328125 0.3033088234375 0.3458333328125 0.30698529375
8 0.3875 0.2904411765625 0.42395833281249995 0.299632353125 0.4270833328125 0.2977941171875 0.4375 0.262867646875 0.4375 0.25367647031249996 0.43333333281249997 0.24632352968750001 0.403125 0.24448529375 0.390625 0.25367647031249996 0.3875 0.2591911765625 0.3875 0.262867646875 0.384375 0.268382353125 0.384375 0.27757352968750004 0.3875 0.2904411765625
8 0.3697916671875 0.3419117640625 0.3729166671875 0.3658088234375 0.3770833328125 0.375 0.4 0.37132352968750004 0.4125 0.3639705875 0.4145833328125 0.336397059375 0.403125 0.305147059375 0.39895833281250004 0.2977941171875 0.3958333328125 0.2959558828125 0.3947916671875 0.2977941171875 0.3854166671875 0.2977941171875 0.384375 0.2959558828125 0.38229166718749996 0.299632353125 0.3739583328125 0.299632353125 0.3729166671875 0.2977941171875 0.36875 0.3014705875 0.36770833281250004 0.3033088234375 0.36770833281250004 0.325367646875 0.3697916671875 0.3290441171875 0.3697916671875 0.3419117640625
5 0.2322708328125 0.47483639687499996 0.15623437499999998 0.6485349265625 0.268759375 0.6503161765625001 0.314171875 0.47752022031249997 0.2322708328125 0.47483639687499996
5 0.3183666671875 0.476507353125 0.268759375 0.6512077203125 0.3928885421875 0.535415440625 0.4014666671875 0.48019301406250003 0.3183666671875 0.476507353125
5 0.07297708281250001 0.8391433828125001 0.26928125 0.65426654375 0.1551625 0.654319853125 0.07297708281250001 0.8391433828125001
5 0.9512697921875001 0.9728841906250001 0.8267604171875 0.65007904375 0.7222520828125 0.6514430140624999 0.7139229171875 0.658663603125 0.797578125 0.9694485296875 0.9512697921875001 0.9728841906250001
5 0.6351322921875 0.48352573593750003 0.59458125 0.5371838234374999 0.6030322921875 0.65179595625 0.7129510421874999 0.6432113968750001 0.6643145828125 0.4766580875 0.6351322921875 0.48352573593750003
5 0.305821875 0.3035275734375 0.2715447921875 0.3896893375 0.3434270828125 0.3941985296875 0.36495625 0.31111029375 0.305821875 0.3035275734375
5 0.5523614578125 0.24967095625 0.5619614578125 0.30957720625 0.6208479171875 0.3108805140625 0.6023875000000001 0.250647059375 0.5523614578125 0.24967095625
5 0.6054802078125 0.249694853125 0.6236166671875 0.3092518375 0.6655197921875 0.2773455875 0.656290625 0.24967095625 0.6054802078125 0.249694853125
0 0.20069479218750003 0.424875 0.19598740625 0.43080525312500006 0.1978410296875 0.43047825937499995 0 0.839132353125 0.006134375 0.9411507359375 0.9719239578125001 0.9981617640625 0.9982156249999999 0.87004595625 0.7817458328125 0.45578860312499997 0.20069479218750003 0.424875
6 0.310184375 0.223227940625 0.21343229218749998 0.4144742640625 0.760378125 0.42923713281250003 0.6768364578125 0.23550551406250003 0.310184375 0.223227940625