7 0.465625 0.6415441171875 0.490625 0.6452205875 0.5 0.6415441171875 0.5041666671875 0.6213235296875 0.49583333281249997 0.5110294125 0.50625 0.43198529375000005 0.50625 0.31801470625 0.5197916671875 0.25551470625 0.5395833328124999 0.1985294125 0.55 0.1452205875 0.55 0.1341911765625 0.540625 0.1139705875 0.5322916671875 0.11580882343750001 0.5208333328125 0.17095588281250002 0.48854166718750003 0.2481617640625 0.4625 0.3345588234375 0.45625 0.40992647031249996 0.4125 0.59375 0.41770833281249997 0.6084558828125 0.465625 0.6415441171875
10 0.3385416671875 0.15441176406249998 0.346875 0.148897059375 0.3635416671875 0.1047794125 0.3770833328125 0.09375 0.378125 0.086397059375 0.3708333328125 0.0790441171875 0.3458333328125 0.106617646875 0.3114583328125 0.11580882343750001 0.30520833281250004 0.12683823593750002 0.30520833281250004 0.1452205875 0.309375 0.1525735296875 0.3385416671875 0.15441176406249998
4 0.6135416671875 0.1047794125 0.6135416671875 0.0827205875 0.5947916671875 0.0790441171875 0.5854166671875001 0.1084558828125 0.565625 0.13051470625 0.5635416671875 0.1452205875 0.5677083328125 0.15441176406249998 0.5947916671875 0.137867646875 0.6135416671875 0.1047794125
2 0.68125 0.1341911765625 0.6854166671875 0.1047794125 0.665625 0.0790441171875 0.6489583328124999 0.0735294125 0.6270833328125 0.080882353125 0.6239583328125 0.106617646875 0.646875 0.137867646875 0.6541666671875 0.143382353125 0.68125 0.1341911765625
5 0.6712125 0.3386580875 0.5878791671875 0.33999448593750003 0.6030302078124999 0.5016691171875001 0.7128791671875 0.513694853125 0.6712125 0.3386580875
5 0.8098489578124999 0.49231617656250004 0.7575760421875 0.33598529374999997 0.686553125 0.33790073593750003 0.6787875 0.34132904375 0.7128791671875 0.516367646875 0.8098489578124999 0.49231617656250004
5 0.6431822921875 0.791617646875 0.7681822921875 0.7849375000000001 0.71060625 0.51236029375 0.613856140625 0.5084517984375 0.6126895828125 0.5100275734374999 0.6431822921875 0.791617646875
5 0.719696875 0.518382353125 0.780303125 0.7849375000000001 0.9121208328125 0.78226470625 0.815909375 0.505678309375 0.719696875 0.518382353125
5 0.28125 0.5100275734374999 0.21515104218749997 0.7862738968749999 0.348484375 0.788946690625 0.3818177078125 0.5043419124999999 0.28125 0.5100275734374999
5 0.1789770828125 0.5050128671875 0.0787875 0.78226470625 0.21439375 0.78226470625 0.2825760421875 0.508351103125 0.1789770828125 0.5050128671875
5 0.24090937499999998 0.3440018375 0.180303125 0.5016691171875001 0.280303125 0.5003345593749999 0.32045416718749997 0.33999448593750003 0.24090937499999998 0.3440018375
5 0.3238635421875 0.342913603125 0.28409062500000004 0.5030055140624999 0.3810604171875 0.4963253671875 0.4045458328125 0.3386580875 0.3238635421875 0.342913603125
0 0.9939395828125 0.7982996328125 0.8212125 0.337321690625 0.7628791671874999 0.28654779375 0.2130677078125 0.28776654375 0 0.788946690625 0.0030302078125 0.91721875 0.9989583328125 0.9372610296874999 0.9939395828125 0.7982996328125
6 0.3060604171875 0.048709559375 0.2204541671875 0.2678400734375 0.7704541671875 0.2651691171875 0.6916666671875 0.05138051406250001 0.3060604171875 0.048709559375