1 0.3322916671875 0.7702205875 0.346875 0.7702205875 0.35104166718749996 0.762867646875 0.3604166671875 0.669117646875 0.3104166671875 0.52573529375 0.2875 0.5 0.25625 0.5036764703125 0.2375 0.5202205875 0.21979166718749998 0.5606617640625 0.22395833281250002 0.63051470625 0.284375 0.74448529375 0.2979166671875 0.762867646875 0.3322916671875 0.7702205875
1 0.359375 0.4797794125 0.3760416671875 0.47426470624999995 0.3875 0.44485294062499997 0.3885416671875 0.41176470624999995 0.36875 0.3033088234375 0.3572916671875 0.2702205875 0.3447916671875 0.257352940625 0.3291666671875 0.25551470625 0.3083333328125 0.2665441171875 0.296875 0.288602940625 0.2958333328125 0.3235294125 0.328125 0.455882353125 0.3375 0.46875 0.359375 0.4797794125
10 0.3479166671875 0.117647059375 0.353125 0.0900735296875 0.3760416671875 0.0588235296875 0.3708333328125 0.0514705875 0.3447916671875 0.0790441171875 0.315625 0.0845588234375 0.3 0.10294117656249999 0.2989583328125 0.117647059375 0.30520833281250004 0.13051470625 0.3385416671875 0.1286764703125 0.3479166671875 0.117647059375
8 0.665625 0.7408088234375 0.6875 0.7610294125 0.7166666671875 0.762867646875 0.7375 0.72426470625 0.7395833328125 0.6875 0.7333333328125 0.6525735296875 0.7260416671875001 0.6397058828125 0.7229166671875 0.59926470625 0.73125 0.5827205875 0.7322916671875 0.5588235296875 0.7291666671875 0.53676470625 0.7208333328125 0.5275735296875 0.7197916671875 0.5165441171875 0.6979166671875 0.49632352968750004 0.6729166671875 0.49264705937500003 0.6604166671875 0.5 0.6229166671875 0.5772058828125 0.6229166671875 0.6268382359375 0.6270833328125 0.6470588234375 0.6489583328124999 0.7095588234375 0.665625 0.7408088234375
1 0.803125 0.47426470624999995 0.8645833328125001 0.3455882359375 0.8708333328125001 0.3143382359375 0.86875 0.288602940625 0.840625 0.2591911765625 0.8083333328125001 0.2610294125 0.7875 0.2904411765625 0.7489583328125 0.40625 0.7510416671875 0.4577205875 0.7635416671875 0.4779411765625 0.7864583328125 0.4852941171875 0.803125 0.47426470624999995
4 0.615625 0.0514705875 0.596875 0.0533088234375 0.5854166671875001 0.0900735296875 0.5677083328125 0.10294117656249999 0.5697916671875001 0.13051470625 0.6020833328124999 0.106617646875 0.6166666671875001 0.075367646875 0.615625 0.0514705875
2 0.665625 0.1213235296875 0.6864583328125 0.1102941171875 0.6895833328125 0.080882353125 0.665625 0.0459558828125 0.6322916671875001 0.0477941171875 0.628125 0.0606617640625 0.628125 0.080882353125 0.6385416671875 0.10294117656249999 0.6541666671875 0.11948529375000001 0.665625 0.1213235296875
7 0.434375 0.5716911765625 0.4770833328125 0.5863970593750001 0.48020833281249997 0.481617646875 0.5322916671875 0.20404411718749998 0.5614583328125 0.11580882343750001 0.559375 0.09926470625 0.5479166671875 0.09926470625 0.5364583328125 0.11948529375000001 0.4770833328125 0.25 0.45729166718750003 0.305147059375 0.44895833281249997 0.3768382359375 0.43958333281249995 0.3952205875 0.3947916671875 0.544117646875 0.434375 0.5716911765625
5 0.1712125 0.5043419124999999 0.2772729171875 0.48830882343750004 0.3022729171875 0.3880955875 0.2848489578125 0.33598529374999997 0.28863645781249997 0.3105974265625 0.2317877203125 0.3144056375 0.1712125 0.5043419124999999
5 0.2121208328125 0.60054595625 0.21742395781249998 0.5337371328125 0.2325760421875 0.50701470625 0.26439375 0.48563602968749997 0.1676135421875 0.5100275734374999 0.076515625 0.7702389703125 0.2204541671875 0.7662316171875 0.23181770781250002 0.6740349265625001 0.2121208328125 0.60054595625
5 0.6734854171875 0.3079264703125 0.5871208328125 0.3178474265625 0.605303125 0.4949889703125 0.6674239578125001 0.48830882343750004 0.71060625 0.49231617656250004 0.6734854171875 0.3079264703125
5 0.91439375 0.7689044125 0.8212125 0.48830882343750004 0.7215906249999999 0.49832904375 0.7204541671875 0.4976617640625 0.7780302078125 0.7675680140625001 0.91439375 0.7689044125
5 0.5757572921875 0.14625 0.5718961359375 0.13565503125 0.5714740328125 0.13567428125 0.5757572921875 0.2250827203125 0.6537875 0.2277555140625 0.6325760421875 0.1328878671875 0.572149746875 0.1356434671875 0.5757572921875 0.14625
5 0.6962125 0.1315514703125 0.6416666671875 0.1302150734375 0.66439375 0.21973897031249998 0.725 0.2157297796875 0.6962125 0.1315514703125
5 0.369696875 0.1262058828125 0.3439395828125 0.2210753671875 0.41818229218749997 0.2210753671875 0.42727291718749993 0.1315514703125 0.369696875 0.1262058828125
5 0.2992427078125 0.134023896875 0.2681822921875 0.2210753671875 0.33257604218750003 0.22374632343749998 0.359090625 0.1302150734375 0.2992427078125 0.134023896875
4 0.38787916718750004 0.056726103125 0.36666666718749996 0.1315514703125 0.4318177078125 0.1275422796875 0.4348489578125 0.060735293749999995 0.38787916718750004 0.056726103125
9 0.6454541671875 0.9118731625000001 0.6189395828124999 0.6326139703125 0.384090625 0.637959559375 0.3825760421875 0.6326139703125 0.38560625000000004 0.9011838234375 0.6454541671875 0.9118731625000001