5 0.3122239578125 0.8331764703125 0.22522708281249998 0.8275 0.132815625 0.9968658093749999 0.2549989578125 0.9955018375 0.3122239578125 0.8331764703125
5 0.3984479171875 0.8352224265625001 0.308840625 0.83346875 0.2495864578125 0.9981617640625 0.3682895828125 0.9981617640625 0.3984479171875 0.8352224265625001
5 0.5511770828125 0.5929503671874999 0.55485 0.592946690625 0.5596833328125 0.64751470625 0.6227083328125 0.650242646875 0.6037625 0.5922683828124999 0.5511770828125 0.5929503671874999
5 0.603665625 0.5937996328125 0.6219354171875 0.6536525734375 0.6791604171875 0.6509246328125 0.65248125 0.5949981625 0.603665625 0.5937996328125
5 0.56355 0.65179779375 0.5782427078125 0.7341323531249999 0.6462947921875 0.732086396875 0.6184552078125 0.650242646875 0.56355 0.65179779375
5 0.6830270828125 0.654334559375 0.62203125 0.6483860296875 0.6474541671875 0.7354963234375 0.7240125 0.7334503671875 0.6830270828125 0.654334559375
5 0.3494395828125 0.591240809375 0.3184104171875 0.6441047796875 0.376021875 0.6516066171875 0.4030885421875 0.5922683828124999 0.3494395828125 0.591240809375
5 0.318796875 0.638647059375 0.2712385421875 0.732086396875 0.3485697921875 0.7334503671875 0.376021875 0.6536525734375 0.318796875 0.638647059375
5 0.3802760421875 0.6495606625 0.3779552078125 0.6522886031249999 0.3450895828125 0.7348143375 0.4166208328125 0.7354963234375 0.4351802078125 0.650242646875 0.3802760421875 0.6495606625
8 0.7177083328125 0.9981617640625 0.7177083328125 0.97426470625 0.703125 0.9301470593750001 0.7020833328125 0.8731617640625 0.6822916671875 0.83823529375 0.6645833328124999 0.8272058828125 0.6375 0.8290441171875 0.628125 0.8511029406249999 0.6177083328124999 0.856617646875 0.5791666671875 0.8345588234375001 0.5770833328125 0.8529411765624999 0.6041666671875 0.8731617640625 0.6385416671875 0.9981617640625 0.7177083328125 0.9981617640625
8 0.859375 0.9981617640625 0.8447916671875 0.96323529375 0.821875 0.9283088234375001 0.803125 0.8713235296875 0.775 0.8327205875000001 0.7395833328125 0.8235294124999999 0.73125 0.8290441171875 0.715625 0.862132353125 0.7135416671875 0.8731617640625 0.7177083328125 0.9025735296875 0.7583333328124999 0.99448529375 0.859375 0.9981617640625
8 0.45 0.58823529375 0.41770833281249997 0.5827205875 0.3927083328125 0.6047794125 0.3916666671875 0.6452205875 0.421875 0.65073529375 0.43541666718750005 0.6415441171875 0.45 0.58823529375
7 0.4760416671875 0.9963235296875 0.4760416671875 0.967523896875 0.49583333281249997 0.9080882359375 0.48333333281249996 0.8841911765624999 0.48333333281249996 0.8584558828125 0.49791666718750005 0.8400735296875 0.5 0.8014705875000001 0.54375 0.6764705875 0.5447916671875 0.65625 0.5520833328125 0.6397058828125 0.5447916671875 0.6158088234375 0.5229166671875001 0.6213235296875 0.5322916671875 0.6323529406249999 0.5302083328125 0.6415441171875 0.4770833328125 0.75551470625 0.45520833281249995 0.8161764703125 0.44895833281249997 0.8860294124999999 0.4375 0.90625 0.40833333281249995 0.9981617640625 0.4760416671875 0.9963235296875
6 0.333765625 0.5756819859375 0.20761250000000003 0.7754025734375001 0.7780135421875001 0.7767683828124999 0.6727562500000001 0.580178309375 0.333765625 0.5756819859375
0 0.2128364578125 0.7378713234375 0.05978750000000001 0.9981617640625 0.9297072921874999 0.9981617640625 0.7842052078124999 0.763115809375 0.2128364578125 0.7378713234375