5 0.776515625 0.791617646875 0.7128791671875 0.508351103125 0.6107542140625 0.51096200625 0.6431822921875 0.7902830875 0.776515625 0.791617646875
5 0.819696875 0.508351103125 0.71875 0.5050128671875 0.7772729171874999 0.775584559375 0.9181822921875 0.791617646875 0.819696875 0.508351103125
5 0.592803125 0.33957169062500003 0.61060625 0.5016691171875001 0.7083333328125 0.5043419124999999 0.675 0.334648896875 0.592803125 0.33957169062500003
5 0.75681875 0.3333125 0.6770833328125 0.3362297796875 0.7136364578125 0.513694853125 0.819696875 0.5030055140624999 0.75681875 0.3333125
5 0.323484375 0.34132904375 0.28409062500000004 0.5030055140624999 0.38560625000000004 0.508351103125 0.40151562500000004 0.3333125 0.323484375 0.34132904375
5 0.24090937499999998 0.3386580875 0.180303125 0.4949889703125 0.280303125 0.511023896875 0.3189395828125 0.3453382359375 0.24090937499999998 0.3386580875
7 0.4739583328125 0.6029411765625 0.48125 0.5955882359375 0.48020833281249997 0.4669117640625 0.484375 0.4393382359375 0.49583333281249997 0.4080882359375 0.490625 0.3915441171875 0.4895833328125 0.3639705875 0.5 0.34007352968750004 0.5 0.31617647031249996 0.5197916671875 0.25 0.5375 0.21323529375 0.5614583328125 0.137867646875 0.55625 0.1102941171875 0.5427083328125 0.1213235296875 0.47291666718750003 0.27757352968750004 0.45416666718750004 0.34007352968750004 0.45416666718750004 0.36948529375 0.44895833281249997 0.393382353125 0.40520833281249996 0.5238970593750001 0.39791666718749996 0.5533088234375 0.4010416671875 0.56801470625 0.45729166718750003 0.5974264703125 0.4739583328125 0.6029411765625
4 0.1375 0.7573529406249999 0.1416666671875 0.7389705875 0.1541666671875 0.71875 0.23958333281250002 0.6011029406249999 0.24479166718749998 0.5827205875 0.2625 0.5588235296875 0.2760416671875 0.5275735296875 0.271875 0.5073529406249999 0.2666666671875 0.50551470625 0.22291666718749997 0.5459558828125 0.1625 0.6158088234375 0.1208333328125 0.6801470593750001 0.0791666671875 0.7573529406249999 0.0802083328125 0.7720588234375 0.090625 0.7830882359375 0.12291666718750001 0.7775735296875 0.1375 0.7573529406249999
8 0.276515625 0.7527775734375 0.2992427078125 0.7474338234375 0.3113635421875 0.72739154375 0.3295458328125 0.6993308828125 0.33409062500000003 0.6392040437500001 0.3385416671875 0.625 0.3333333328125 0.6084558828125 0.3708333328125 0.5643382359375 0.3791666671875 0.5294117640625 0.3760416671875 0.5091911765625 0.3645833328125 0.4908088234375 0.3541666671875 0.4852941171875 0.328125 0.4852941171875 0.309375 0.49632352968750004 0.2916666671875 0.5220588234375 0.2677083328125 0.53676470625 0.2625 0.549632353125 0.25 0.5588235296875 0.24583333281250003 0.5716911765625 0.23125 0.6654411765625 0.23020833281250003 0.7022058828125 0.234375 0.7224264703125 0.265909375 0.7567867640625 0.276515625 0.7527775734375
0 0.9954541671875001 0.797055146875 0.8098489578124999 0.345430146875 0.2022729171875 0.271757353125 0.001515625 0.7808382359375 0.0083333328125 0.9133014703125 0.98560625 0.9533860296875 0.9954541671875001 0.797055146875
6 0.7424239578125 0.22757352968750003 0.68939375 0.0618878671875 0.3026614578125 0.061290440625 0.2963510421875 0.0798382359375 0.22121249999999998 0.255632353125 0.7681822921875 0.2836911765625 0.7424239578125 0.22757352968750003
10 0.3552083328125 0.137867646875 0.35208333281250004 0.12683823593750002 0.3635416671875 0.1047794125 0.3760416671875 0.0974264703125 0.3770833328125 0.0827205875 0.371875 0.0790441171875 0.3479166671875 0.10294117656249999 0.321875 0.1084558828125 0.30520833281250004 0.12683823593750002 0.3072916671875 0.1525735296875 0.325 0.15808823593750002 0.346875 0.1525735296875 0.3552083328125 0.137867646875
10 0.4166666671875 0.14154411718749998 0.42083333281249996 0.1084558828125 0.43333333281249997 0.0955882359375 0.43541666718750005 0.0827205875 0.4291666671875 0.080882353125 0.4125 0.101102940625 0.3958333328125 0.1102941171875 0.3770833328125 0.1139705875 0.3697916671875 0.1286764703125 0.3697916671875 0.148897059375 0.3739583328125 0.15441176406249998 0.40729166718750004 0.15441176406249998 0.4166666671875 0.14154411718749998
10 0.3135416671875 0.24448529375 0.3291666671875 0.226102940625 0.3322916671875 0.21507352968750001 0.3302083328125 0.20036764687500003 0.3604166671875 0.16176470625 0.3604166671875 0.15441176406249998 0.35625 0.148897059375 0.31864583281250003 0.1837077203125 0.2760416671875 0.20772058750000003 0.27395833281250004 0.22977941249999997 0.2770833328125 0.242647059375 0.28854166718749996 0.2481617640625 0.3135416671875 0.24448529375
5 0.3664854171875 0.154772059375 0.3467145828125 0.24751286718749999 0.41696354218750004 0.24677205937500002 0.43042499999999995 0.15774080937499999 0.3664854171875 0.154772059375
5 0.7232000000000001 0.242319853125 0.692071875 0.15551470625 0.63191875 0.15328860312499998 0.6323385421875 0.15403125 0.649165625 0.24528860312499998 0.7232000000000001 0.242319853125
4 0.6135416671875 0.0827205875 0.609375 0.0772058828125 0.5958333328125 0.0790441171875 0.5833333328125 0.1102941171875 0.565625 0.132352940625 0.56875 0.15441176406249998 0.59375 0.137867646875 0.6145833328125 0.10294117656249999 0.6135416671875 0.0827205875
2 0.6770833328125 0.137867646875 0.6822916671875 0.13051470625 0.684375 0.10294117656249999 0.6645833328124999 0.0790441171875 0.6479166671875001 0.0735294125 0.6270833328125 0.080882353125 0.625 0.106617646875 0.6458333328125 0.1360294125 0.6552083328125 0.143382353125 0.6770833328125 0.137867646875
5 0.6304458328125 0.156257353125 0.5687145828125 0.155147059375 0.5770229171875 0.2504816171875 0.647271875 0.24454595625 0.6304458328125 0.156257353125