9 0.370265625 0.2125661765625 0.34090937499999996 0.6753713234375 0.6454541671875 0.69140625 0.6242427078125 0.2090496328125 0.370265625 0.2125661765625
1 0.3371208328125 0.5030055140624999 0.2780302078125 0.38542279375 0.2537875 0.3440018375 0.2022729171875 0.36137316249999996 0.1772729171875 0.4215 0.1924239578125 0.5016691171875001 0.26609895781250004 0.616977940625 0.29090937499999997 0.60321875 0.3287875 0.56714154375 0.3371208328125 0.5030055140624999
1 0.8219697921875 0.3466746328125 0.9098489578125 0.142240809375 0.9136364578125 0.0901305140625 0.8924239578125001 0.05138051406250001 0.8462125 0.0460367640625 0.8272729171875 0.0740955875 0.8060604171874999 0.09948345625 0.750946875 0.274398896875 0.7621208328125 0.3052536765625 0.7833333328125 0.33197610312500003 0.8219697921875 0.3466746328125
4 0.6992427078125 0.61123529375 0.7075760421874999 0.5724871328125001 0.726515625 0.5016691171875001 0.7545458328125 0.41214705937499996 0.7651510421875 0.3546911765625 0.7454541671875 0.323959559375 0.6969697921875 0.384086396875 0.6651510421875 0.472273896875 0.6524625000000001 0.6019393375 0.6530302078125 0.6286066171875 0.6863635421875001 0.6245974265625 0.6992427078125 0.61123529375
7 0.48333333281249996 0.1743088234375 0.475 0.1208621328125 0.5007572921875 0.1181893375 0.49772708281250005 0.07008823593749999 0.5212125000000001 0.007288603124999999 0.4719697921875 0 0.44090937500000005 0.103492646875 0.44090937500000005 0.1716360296875 0.4310604171875 0.2117224265625 0.4886364578125 0.2170661765625 0.5022729171875 0.19034374999999998 0.48333333281249996 0.1743088234375
5 0.1954541671875 0.5283933828125 0.1719697921875 0.4495588234375 0.1795458328125 0.3640441171875 0.22954583281250002 0.318615809375 0.1272729171875 0.3159430140625 0.05208333281250001 0.63870404375 0.2007572921875 0.6326139703125 0.20833333281250002 0.5831764703125 0.1954541671875 0.5283933828125
5 0.1795458328125 0.1075 0.129734375 0.309492646875 0.2477270828125 0.3226231625 0.280303125 0.103492646875 0.1795458328125 0.1075
5 0.35606041718750003 0.3092610296875 0.35606041718750003 0.2117224265625 0.380303125 0.20504044062500001 0.38560625000000004 0.103492646875 0.28409062500000004 0.10227205937499999 0.2530302078125 0.3226231625 0.3424239578125 0.3212867640625 0.35606041718750003 0.3092610296875
5 0.7189395828125 0.10616360312499999 0.6145833328125 0.10227205937499999 0.6219697921875 0.3146066171875 0.7416666671875001 0.3079264703125 0.7189395828125 0.10616360312499999
5 0.8325760421874999 0.334648896875 0.8272729171875 0.3520183828125 0.7681822921875 0.3440018375 0.76060625 0.39477573593750004 0.8022729171874999 0.6352867640625 0.9386364578125 0.6339503671875 0.859090625 0.318615809375 0.8325760421874999 0.334648896875
0 0.9962125000000001 0.5457628671875 0.9090906249999999 0.2170661765625 0.9204541671875001 0.155602940625 0.9295458328124999 0.0714246328125 0.851515625 0.0366838234375 0.1462125 0.038020220312500005 0.001515625 0.55378125 0.0045458328125 0.9532941171875 0.998484375 0.9225625000000001 0.9962125000000001 0.5457628671875