5 0.241071875 0.341648896875 0.176190625 0.5049871328125 0.2833333328125 0.5112867640625 0.32202395781250004 0.33909375 0.241071875 0.341648896875
5 0.40773854218750005 0.3411930140625 0.3229166671875 0.340336396875 0.2803572921875 0.5102371328124999 0.3880947921875 0.5060367640625001 0.40773854218750005 0.3411930140625
5 0.180059375 0.5057775734375001 0.076190625 0.788477940625 0.2172614578125 0.787428309375 0.2827385421875 0.5060367640625001 0.180059375 0.5057775734375001
5 0.38690520781250004 0.5112867640625 0.28496979218749996 0.5031507359375 0.2178572921875 0.7811286765625 0.35238125 0.78532904375 0.38690520781250004 0.5112867640625
5 0.7142854171875 0.51365625 0.776190625 0.7811856625 0.9154760421875 0.78223529375 0.8196427078124999 0.5071433828125 0.7142854171875 0.51365625
5 0.5892854171875 0.341648896875 0.6095239578125 0.5102941171875 0.713690625 0.50609375 0.6720239578125 0.3349503671875 0.5892854171875 0.341648896875
5 0.303571875 0.1565128671875 0.2702385421875 0.2465257359375 0.348809375 0.250726103125 0.3684520828125 0.156227940625 0.303571875 0.1565128671875
5 0.5595239578125 0.0908621328125 0.5684520828124999 0.1593786765625 0.62738125 0.1541286765625 0.6142854171875001 0.08903124999999999 0.5595239578125 0.0908621328125
5 0.6172614578125 0.086930146875 0.6303572921875 0.1593786765625 0.6952385421875 0.1541286765625 0.6702385421875 0.0900808828125 0.6172614578125 0.086930146875
10 0.6479166671875001 0.6893382359375 0.6427083328125 0.7077205875 0.6375 0.7113970593750001 0.6354166671875 0.7702205875 0.6427083328125 0.7849264703125 0.7270833328124999 0.7830882359375 0.6677083328125 0.7169117640625 0.6739583328125 0.7077205875 0.671875 0.68198529375 0.675 0.65625 0.6802083328124999 0.6488970593750001 0.678125 0.6397058828125 0.6875 0.6268382359375 0.7135416671875 0.61948529375 0.7270833328124999 0.5955882359375 0.7270833328124999 0.5661764703125 0.7197916671875 0.5404411765625 0.6979166671875 0.5091911765625 0.6833333328125 0.5036764703125 0.653125 0.5091911765625 0.6375 0.5404411765625 0.6395833328125 0.575367646875 0.6572916671875 0.612132353125 0.6583333328125 0.6231617640625 0.6479166671875001 0.6893382359375
4 0.6177083328124999 0.2095588234375 0.628125 0.180147059375 0.628125 0.148897059375 0.6072916671875 0.148897059375 0.5979166671875 0.1911764703125 0.5760416671875 0.21507352968750001 0.575 0.23345588281250002 0.5791666671875 0.24632352968750001 0.6072916671875 0.22426470625 0.6177083328124999 0.2095588234375
4 0.6864583328125 0.21875 0.696875 0.18933823593750002 0.696875 0.15625 0.6875 0.143382353125 0.6670677078125 0.1630643375 0.6673854171875 0.1826856625 0.6553083328125 0.20510845625 0.65 0.24448529375 0.6625 0.24448529375 0.6864583328125 0.21875
2 0.384375 0.24448529375 0.415625 0.24448529375 0.41979166718750005 0.22426470625 0.4135416671875 0.20404411718749998 0.41770833281249997 0.1838235296875 0.40208333281249997 0.1470588234375 0.3697916671875 0.1470588234375 0.36666666718749996 0.1525735296875 0.36770833281250004 0.18933823593750002 0.378125 0.23713235312499997 0.384375 0.24448529375
8 0.353125 0.15441176406249998 0.3697916671875 0.137867646875 0.3802083328125 0.0955882359375 0.371875 0.08823529375 0.3427083328125 0.086397059375 0.321875 0.101102940625 0.32083333281250004 0.14154411718749998 0.3239583328125 0.1470588234375 0.3322916671875 0.15441176406249998 0.353125 0.15441176406249998
8 0.41770833281249997 0.15441176406249998 0.43125 0.137867646875 0.43854166718750004 0.0974264703125 0.4291666671875 0.086397059375 0.40729166718750004 0.0845588234375 0.384375 0.10294117656249999 0.38229166718749996 0.12316176406249998 0.3854166671875 0.13970588281250002 0.40520833281249996 0.15441176406249998 0.41770833281249997 0.15441176406249998
8 0.740625 0.5018382359375 0.7885416671875001 0.5018382359375 0.7885416671875001 0.4852941171875 0.79375 0.4797794125 0.7885416671875001 0.46139705937500003 0.7958333328125 0.4466911765625 0.7770833328125 0.3887867640625 0.7760416671875 0.37132352968750004 0.7666666671875 0.362132353125 0.759375 0.34375 0.7291666671875 0.336397059375 0.7125 0.34007352968750004 0.7083333328125 0.34926470625 0.7041666671875 0.3455882359375 0.703125 0.3584558828125 0.6958333328124999 0.37132352968750004 0.696875 0.419117646875 0.709375 0.4375 0.7208333328125 0.47610294062499997 0.740625 0.5018382359375
7 0.46458333281249997 0.5202205875 0.46666666718750005 0.5643382359375 0.4583333328125 0.6029411765625 0.4635416671875 0.6286764703125 0.4604166671875 0.6525735296875 0.4635416671875 0.669117646875 0.471875 0.6801470593750001 0.528125 0.71323529375 0.5625 0.7205882359375 0.5666666671875 0.7095588234375 0.5291666671875 0.4981617640625 0.5385416671875001 0.450367646875 0.5208333328125 0.4227941171875 0.5125 0.393382353125 0.5208333328125 0.38051470625 0.525 0.3602941171875 0.51875 0.3290441171875 0.51875 0.2959558828125 0.5385416671875001 0.169117646875 0.5375 0.13051470625 0.525 0.0974264703125 0.5177083328125 0.10294117656249999 0.48854166718750003 0.2518382359375 0.4760416671875 0.34007352968750004 0.478125 0.37132352968750004 0.47083333281249995 0.3897058828125 0.46666666718750005 0.387867646875 0.46458333281249997 0.40992647031249996 0.4760416671875 0.450367646875 0.46875 0.47610294062499997 0.46875 0.5091911765625 0.46458333281249997 0.5202205875
0 0.7959906250000001 0.28420220625 0.211390625 0.289852940625 0 0.9219117640625001 0.9989583328125 0.9456176468749999 0.7959906250000001 0.28420220625
6 0.3059958328125 0.0669816171875 0.2114447921875 0.2897867640625 0.796584375 0.28120772031249996 0.6923072921875 0.060101103125 0.3059958328125 0.0669816171875