8 0.6197916671875 0.9136029406249999 0.6260416671875 0.9577205875000001 0.6385416671875 0.9981617640625 0.7145833328125 0.9981617640625 0.7145833328125 0.9705882359375 0.7041666671875 0.9411764703125 0.7010416671875 0.8731617640625 0.696875 0.8584558828125 0.68125 0.8363970593750001 0.665625 0.8272058828125 0.6375 0.8290441171875 0.621875 0.856617646875 0.6283875 0.8622591906249999 0.6221947921875 0.8702022062499999 0.617128125 0.8771525734375001 0.609375 0.875 0.6114583328125 0.9044117640625 0.6197916671875 0.9136029406249999
8 0.8385416671874999 0.97426470625 0.809375 0.91176470625 0.8010416671874999 0.8676470593750001 0.775 0.8327205875000001 0.7322916671875 0.8272058828125 0.7145833328125 0.8658088234375001 0.7177083328125 0.9025735296875 0.759375 0.9981617640625 0.8385416671874999 0.9981617640625 0.8385416671874999 0.97426470625
8 0.3583333328125 0.700367646875 0.371875 0.6580882359375 0.3625 0.65073529375 0.3333333328125 0.65073529375 0.325 0.66176470625 0.3072916671875 0.669117646875 0.296875 0.6966911765625 0.2947916671875 0.7169117640625 0.30520833281250004 0.731617646875 0.340625 0.7297794125 0.3583333328125 0.700367646875
8 0.44498125 0.6035661765625 0.444946875 0.600415440625 0.44457604218749996 0.595477940625 0.428125 0.5887371328125 0.4010416671875 0.5960900734375 0.3927083328125 0.6107959562499999 0.39375 0.6346930140625 0.4114583328125 0.6475606625 0.4291666671875 0.6457224265625 0.44498125 0.6035661765625
7 0.47742291718749996 0.9957261031250001 0.4878395828125 0.9902113968749999 0.5128395828125 0.765946690625 0.5451312500000001 0.6758731625000001 0.5461729171874999 0.6538143375 0.5524229171874999 0.640946690625 0.5492979171875 0.6244025734374999 0.5430479171875 0.620726103125 0.5149229171874999 0.6758731625000001 0.47742291718749996 0.7604319859374999 0.45763125000000004 0.8192555140625 0.4102791671875 0.9981617640625 0.45239375 0.9981617640625 0.46700625 0.9902113968749999 0.47742291718749996 0.9957261031250001
2 0.3802083328125 0.71875 0.3917166671875 0.7093547796874999 0.39375 0.7205882359375 0.398190625 0.7116378671875 0.410621875 0.7070698531249999 0.41770833281249997 0.71323529375 0.41742083281250003 0.7044411765625 0.41483125000000004 0.704897059375 0.41742083281250003 0.7017003671875 0.41923333281249997 0.6925643375 0.4194927078125 0.697132353125 0.4194927078125 0.6861691171875 0.42395833281249995 0.6911764703125 0.42083333281249996 0.6764705875 0.42083333281249996 0.669117646875 0.409375 0.6415441171875 0.39791666718749996 0.637867646875 0.38333333281250004 0.6415441171875 0.378125 0.6452205875 0.3760416671875 0.6488970593750001 0.3760416671875 0.68198529375 0.3770833328125 0.7095588234375 0.3802083328125 0.71875
5 0.3469791671875 0.59309375 0.3185479171875 0.648509190625 0.3755791671875 0.6476194859375 0.3947572921875 0.5950992640625 0.3469791671875 0.59309375
5 0.3127541671875 0.827055146875 0.25358749999999997 0.995867646875 0.3698208328125 0.9981617640625 0.4015625 0.8254430140625001 0.3127541671875 0.827055146875
5 0.2255802078125 0.8336746328125001 0.136421875 0.995867646875 0.249853125 0.9981617640625 0.3105375 0.8295588234375 0.2255802078125 0.8336746328125001
2 0.6322916671875001 0.6764705875 0.60625 0.6415441171875 0.5708333328124999 0.6452205875 0.5708333328124999 0.6709558828125 0.5989583328125 0.7169117640625 0.6322916671875001 0.7040441171875 0.6322916671875001 0.6764705875
10 0.7 0.731617646875 0.6916666671875 0.700367646875 0.6770833328125 0.6709558828125 0.6802083328124999 0.6525735296875 0.6760416671875 0.643382353125 0.6666666671875 0.6525735296875 0.66875 0.6599264703125 0.6635416671875001 0.6764705875 0.6447916671875 0.6783088234375 0.6354166671875 0.6875 0.6385416671875 0.7095588234375 0.6520833328125 0.731617646875 0.671875 0.737132353125 0.7 0.731617646875
10 0.6583333328125 0.6415441171875 0.65625 0.625 0.6479166671875001 0.6139705875 0.6520833328125 0.59926470625 0.6479166671875001 0.5863970593750001 0.6135416671875 0.61948529375 0.6145833328125 0.6360294125 0.6260416671875 0.6488970593750001 0.65 0.6488970593750001 0.6583333328125 0.6415441171875
4 0.5927083328125 0.63051470625 0.6010416671875001 0.612132353125 0.6020833328124999 0.5919117640625 0.5989583328125 0.5863970593750001 0.5833333328125 0.5863970593750001 0.5739583328125 0.6102941171875 0.559375 0.6176470593750001 0.5635416671875 0.6470588234375 0.5927083328125 0.63051470625
0 0.19438125 0.7666268374999999 0.19438125 0.7691617640625 0.0384447921875 0.9981617640625 0.9280697921875 0.9981617640625 0.7663854171875 0.7729650734375 0.19438125 0.7666268374999999
6 0.3386395828125 0.5662132359375 0.2180947921875 0.7514191171875 0.75560625 0.7463492640625 0.6614697921875 0.5638400734375 0.3386395828125 0.5662132359375