5 0.8635416671874999 0.9981617640625 0.8854166671874999 0.862132353125 0.884375 0.825367646875 0.8739583328125 0.794117646875 0.8458333328125001 0.7702205875 0.8104166671874999 0.7647058828125 0.79375 0.7959558828125 0.7875 0.84375 0.7791666671875 0.9466911765624999 0.7822916671875 0.97426470625 0.790625 0.9981617640625 0.8635416671874999 0.9981617640625
7 0.4787875 0.9466139703125 0.48939374999999996 0.9292444859375 0.4931822921875 0.8998474265624999 0.4772729171875 0.8838143374999999 0.48484895781250004 0.8530827203125 0.48939374999999996 0.8544191171875 0.5022729171875 0.8276948531249999 0.5007572921875 0.8063161765625001 0.5128791671874999 0.7702389703125 0.5227270828125 0.7501966906249999 0.5348489578125 0.7154577203125 0.5431822921875 0.6753713234375 0.555303125 0.6205882359375 0.5462125 0.6152444859374999 0.5333333328125 0.6312775734375 0.523484375 0.651321690625 0.515909375 0.682053309375 0.5022729171875 0.7087757359375 0.480303125 0.73282720625 0.459090625 0.791617646875 0.4507572921875 0.835711396875 0.44696979218750005 0.8864871328125 0.430303125 0.9051930140625 0.41287916718749995 0.9963235296875 0.47803020781249994 0.9880349265625 0.47803020781249994 0.9800183828125 0.4787875 0.9466139703125
4 0.3462114578125 0.6389558828124999 0.3573927078125 0.6294485296875 0.3691729171875 0.6202922796875 0.38235 0.6090238968749999 0.3927322921875 0.60092279375 0.39452916718750003 0.5938805140625 0.3943302078125 0.5885992640625 0.3931322921875 0.5836691171874999 0.3883395828125 0.5826121328125 0.3853447921875 0.5833161765625 0.38095208281250004 0.5871893375 0.3753625 0.5885992640625 0.37336562500000003 0.591415440625 0.3723666671875 0.59423345625 0.3707697921875 0.5984577203125 0.3673760421875 0.6026838234375 0.36278333281249997 0.6062058828125 0.3553958328125 0.6090238968749999 0.34940625000000003 0.61395404375 0.33882395781249997 0.6206433828125 0.3258458328125 0.6238125 0.32245208281250004 0.6290955874999999 0.3204552078125 0.636490809375 0.3212041671875 0.6466360296875 0.3296395828125 0.6442389703125 0.33842500000000003 0.642477940625 0.3462114578125 0.6389558828124999
2 0.6003729171875001 0.6277389703125 0.5715739578125001 0.6460827203124999 0.570775 0.67288970625 0.6019729171875 0.7114981625000001 0.631571875 0.7053400734374999 0.634771875 0.6742996328124999 0.6003729171875001 0.6277389703125
2 0.6339718750000001 0.574125 0.6115729171875001 0.5896452203125 0.6115729171875001 0.60234375 0.634971875 0.6303253671875 0.6659697921875 0.6347941171875 0.6667697921875 0.599522059375 0.6339718750000001 0.574125
5 0.216390625 0.8254632359375 0.13319375 0.9877205874999999 0.24678854218750002 0.9981617640625 0.3075864578125 0.8325183828125 0.216390625 0.8254632359375
5 0.39958229218749997 0.8254632359375 0.3139864578125 0.8279632359375 0.25478854218749997 0.9981617640625 0.3707833328125 0.9981617640625 0.39958229218749997 0.8254632359375
5 0.6892145828125 0.8311580875000001 0.594275 0.8343474265624999 0.6238875 0.9981617640625 0.6304427078125 0.9981617640625 0.7443697921875 0.9922279406250001 0.6892145828125 0.8311580875000001
5 0.3157864578125 0.6461672796875 0.2778104171875 0.72909375 0.3483364578125 0.7354724265625 0.3799833328125 0.6461672796875 0.3157864578125 0.6461672796875
5 0.3786270828125 0.6486194859375 0.3528583328125 0.7274981625 0.4134385421875 0.7354724265625 0.43423437500000006 0.6477610296874999 0.3786270828125 0.6486194859375
5 0.3989708328125 0.59476654375 0.3763666671875 0.6445716906250001 0.43604270781250004 0.6493566171875 0.445084375 0.591944853125 0.3989708328125 0.59476654375
5 0.6159749999999999 0.6350036765625 0.5997 0.5871617640625 0.557203125 0.59476654375 0.5608197921875 0.642977940625 0.5843291671874999 0.6318143375 0.5951791671875 0.6190569859374999 0.6159749999999999 0.6350036765625
5 0.7217645828125 0.7306893375 0.6855979171875 0.6493566171875 0.6277302078125 0.6557352937500001 0.639484375 0.6812518375 0.639484375 0.6924154406249999 0.6494302078125 0.7354724265625 0.7217645828125 0.7306893375
0 0.8872312499999999 0.8343474265624999 0.874571875 0.7657738968750001 0.8275541671875001 0.743446690625 0.7941 0.7498253671875 0.7796333328125 0.7880992640625 0.199146875 0.7737463234375 0.0427229171875 0.9954172796874999 0.9270145828125 0.9981617640625 0.8818052078124999 0.9252481625 0.8872312499999999 0.8343474265624999
6 0.33206145781249996 0.568023896875 0.21248333281249998 0.76629595625 0.7516630109375 0.74407761875 0.6729395828125 0.5759981625 0.33206145781249996 0.568023896875