7 0.4760416671875 0.580882353125 0.48333333281249996 0.5661764703125 0.478125 0.5294117640625 0.484375 0.450367646875 0.48020833281249997 0.419117646875 0.49583333281249997 0.3841911765625 0.490625 0.3639705875 0.490625 0.34007352968750004 0.49791666718750005 0.325367646875 0.5010416671875 0.288602940625 0.5229166671875001 0.22426470625 0.540625 0.1911764703125 0.5510416671875 0.1360294125 0.5572916671875 0.12683823593750002 0.5583333328125 0.11580882343750001 0.5489583328125 0.0955882359375 0.496875 0.21323529375 0.4739583328125 0.25367647031249996 0.45729166718750003 0.30698529375 0.446875 0.3731617640625 0.396875 0.52573529375 0.3958333328125 0.5404411765625 0.4322916671875 0.56801470625 0.43541666718750005 0.580882353125 0.4760416671875 0.580882353125
5 0.7121208328125 0.505678309375 0.6079541671875 0.5100275734374999 0.640909375 0.77959375 0.773484375 0.77959375 0.7121208328125 0.505678309375
5 0.6704541671875 0.33598529374999997 0.5861739578125 0.342913603125 0.61060625 0.505678309375 0.7075760421874999 0.49899816250000006 0.6704541671875 0.33598529374999997
5 0.7585229171875 0.33790073593750003 0.6780302078125 0.3386580875 0.7151520828125 0.505678309375 0.8136364578125 0.505678309375 0.7585229171875 0.33790073593750003
5 0.71875 0.5050128671875 0.7818177078125 0.7862738968749999 0.9128791671875 0.78226470625 0.8181822921874999 0.508351103125 0.71875 0.5050128671875
5 0.326515625 0.33598529374999997 0.28863645781249997 0.49899816250000006 0.3825760421875 0.50701470625 0.4075760421875 0.3386580875 0.326515625 0.33598529374999997
5 0.2888260421875 0.5033419125 0.2204541671875 0.7729117640625 0.3462125 0.7862738968749999 0.38333333281250004 0.5016691171875001 0.2888260421875 0.5033419125
5 0.24242395781249998 0.3312169125 0.17878750000000002 0.4936525734375 0.2825760421875 0.50701470625 0.32045416718749997 0.33197610312500003 0.24242395781249998 0.3312169125
5 0.273484375 0.5161856625000001 0.176515625 0.5121764703125 0.0825760421875 0.775584559375 0.215909375 0.7862738968749999 0.2787875 0.505678309375 0.273484375 0.5161856625000001
5 0.6492677078125 0.24684374999999997 0.6301604171874999 0.1614669125 0.5657208328125 0.1589338234375 0.5747395828124999 0.24516911718749998 0.6492677078125 0.24684374999999997
5 0.720946875 0.2443327203125 0.6924645828125 0.161444853125 0.633128125 0.161444853125 0.6502166671875 0.2434963234375 0.6540145828124999 0.2426580875 0.720946875 0.2443327203125
5 0.3696708328125 0.1589338234375 0.3468854171875 0.24516911718749998 0.42046354218750004 0.246007353125 0.42758333281249994 0.161444853125 0.3696708328125 0.1589338234375
10 0.3291666671875 0.2279411765625 0.3333333328125 0.21507352968750001 0.33125 0.194852940625 0.353125 0.1654411765625 0.3541666671875 0.1525735296875 0.296875 0.1838235296875 0.2760416671875 0.20772058750000003 0.27395833281250004 0.22977941249999997 0.2802083328125 0.24448529375 0.3135416671875 0.24448529375 0.3291666671875 0.2279411765625
10 0.3792875 0.07949264687499999 0.371875 0.0790441171875 0.3604166671875 0.086397059375 0.34027083281250003 0.10397426406250002 0.30838125 0.11191360312500001 0.3022749046875 0.13350670625 0.3125 0.15441176406249998 0.3479166671875 0.148897059375 0.353125 0.13970588281250002 0.35104166718749996 0.117647059375 0.3792875 0.07949264687499999
10 0.4125 0.1171875 0.08671875 0.0546875
4 0.59375 0.137867646875 0.60625 0.1213235296875 0.6083333328125 0.117647059375 0.6083333328125 0.1139705875 0.6145833328125 0.10294117656249999 0.6135416671875 0.0827205875 0.6114583328125 0.0790441171875 0.596875 0.0790441171875 0.5947916671875 0.080882353125 0.5916666671875 0.086397059375 0.5864583328124999 0.10294117656249999 0.571875 0.125 0.565625 0.13051470625 0.5645833328125 0.1470588234375 0.56875 0.15441176406249998 0.5739583328125 0.15441176406249998 0.59375 0.137867646875
2 0.653125 0.143382353125 0.6729166671875 0.13970588281250002 0.68125 0.1341911765625 0.6854166671875 0.1102941171875 0.684375 0.10294117656249999 0.678125 0.09926470625 0.6697916671875 0.0845588234375 0.6583333328125 0.0735294125 0.63125 0.075367646875 0.6270833328125 0.080882353125 0.6270833328125 0.08823529375 0.625 0.09375 0.6239583328125 0.101102940625 0.625 0.106617646875 0.64375 0.1341911765625 0.653125 0.143382353125
0 0.9977270828125 0.7702389703125 0.7666666671875 0.279865809375 0.2225375 0.28108272031250003 0 0.794290440625 0.0053031250000000005 0.9506231625 0.9989583328125 0.9479503671874999 0.9977270828125 0.7702389703125
6 0.31060625000000003 0.064742646875 0.21893958281249998 0.2598235296875 0.7666666671875 0.2731856625 0.6924239578125 0.064742646875 0.31060625000000003 0.064742646875