5 0.49242395781250003 0.298571690625 0.374053125 0.418115809375 0.4401510421875 0.5257205875000001 0.5530302078125 0.38275183749999997 0.49242395781250003 0.298571690625
5 0.575 0.2130569859375 0.49337083281250005 0.3011360296875 0.5613635421875001 0.376069853125 0.6371208328125 0.27719301406249997 0.575 0.2130569859375
5 0.5537875 0.5096875 0.5893937499999999 0.5043419124999999 0.6068177078125 0.51236029375 0.6242427078125 0.480290440625 0.5568177078125001 0.3913768375 0.44242395781250005 0.5310661765625 0.484090625 0.5805036765625 0.5151510421875 0.5364099265625 0.5537875 0.5096875
5 0.6306822921874999 0.4732628671875 0.7068177078125 0.3546911765625 0.63560625 0.2718492640625 0.5537875 0.38007904375 0.6306822921874999 0.4732628671875
5 0.6780302078125 0.09948345625 0.625 0.1607628671875 0.6901510421875 0.2090496328125 0.7386364578125 0.14491360312499998 0.6780302078125 0.09948345625
5 0.75681875 0.2691764703125 0.805303125 0.18633455937500001 0.7443177078125001 0.1473933828125 0.6863635421875001 0.21439338281250003 0.755303125 0.2665036765625 0.75681875 0.2691764703125
5 0.8537874999999999 0.1195257359375 0.7871208328125 0.08211397031249999 0.749053125 0.1440514703125 0.7522729171875 0.14491360312499998 0.8113635421875 0.18633455937500001 0.8537874999999999 0.1195257359375
8 0.740625 0.1286764703125 0.76875 0.09926470625 0.7708333328125 0.0790441171875 0.7520833328125 0.0588235296875 0.725 0.0477941171875 0.7125 0.0643382359375 0.703125 0.0919117640625 0.703125 0.106617646875 0.709375 0.117647059375 0.7270833328124999 0.1286764703125 0.740625 0.1286764703125
8 0.7772729171874999 0.508351103125 0.8447916671875 0.398897059375 0.8989583328125 0.362132353125 0.9989583328125 0.28921874999999997 0.9989583328125 0.24111764687499998 0.8375 0.33823529375 0.7791666671875 0.3768382359375 0.75625 0.40073529375000005 0.7416666671875001 0.4375 0.725 0.4466911765625 0.7166666671875 0.4482224265625 0.6242427078125 0.52304779375 0.684090625 0.6419669125 0.7322916671875 0.5404411765625 0.74375 0.5238970593750001 0.7772729171874999 0.508351103125
5 0.8674239578125 0.7608860296875 0.7969697921875001 0.9981617640625 0.9989583328125 0.9981617640625 0.9989583328125 0.9118731625000001 0.8674239578125 0.7608860296875
5 0.9375 0.5534761031250001 0.8719697921874999 0.74886029375 0.9954541671875001 0.9118731625000001 0.9989583328125 0.6312775734375 0.9375 0.5534761031250001
0 0.9989583328125 0.5484356625 0.565909375 0.1569393375 0.3068177078125 0.40641727968749997 0.6464583328125 0.9981617640625 0.9964583328125001 0.9981617640625 0.9989583328125 0.5484356625
6 0.7261927078125 0.0070183828125 0.579034375 0.1689632359375 0.9964583328125001 0.52304779375 0.99873125 0.1743088234375 0.7261927078125 0.0070183828125