5 0.2204541671875 0.83170404375 0.12784062499999999 0.9979944859375 0.248484375 0.9981617640625 0.3166666671875 0.8290312500000001 0.2204541671875 0.83170404375
5 0.40378749999999997 0.833040440625 0.31439374999999997 0.829211396875 0.2530302078125 0.9947169125 0.3681822921875 0.9981617640625 0.40378749999999997 0.833040440625
5 0.6825760421875 0.8250220593750001 0.592803125 0.829211396875 0.6219697921875 0.9973878671874999 0.7439395828124999 0.9981617640625 0.6825760421875 0.8250220593750001
5 0.7719697921875001 0.8290312500000001 0.688446875 0.8275404406250001 0.7462125000000001 0.9981617640625 0.865909375 0.9981617640625 0.7719697921875001 0.8290312500000001
0 0.9515156250000001 0.9981617640625 0.7825760421875 0.78226470625 0.2204541671875 0.7715753671875001 0.2093177078125 0.7689044125 0.059317707812499995 0.9981617640625 0.9515156250000001 0.9981617640625
10 0.3322916671875 0.7150735296875 0.3395833328125 0.6838235296875 0.3583333328125 0.669117646875 0.36875 0.6525735296875 0.3572916671875 0.6525735296875 0.328125 0.6801470593750001 0.2979166671875 0.6838235296875 0.2802083328125 0.705882353125 0.2791666671875 0.7261029406249999 0.2822916671875 0.731617646875 0.31875 0.7297794125 0.3322916671875 0.7150735296875
10 0.3371666671875 0.6520588234375 0.3595833328125 0.6429338234374999 0.3624166671875 0.6394062500000001 0.3652916671875 0.6263235296875 0.367375 0.622647059375 0.36775 0.62059375 0.3691666671875 0.6172132359375 0.3715 0.6154485296875001 0.37725 0.6097169124999999 0.3878333328125 0.600897059375 0.3909166671875 0.5948713234375 0.3880833328125 0.5898749999999999 0.37483333281250003 0.597727940625 0.36825 0.6028713234375 0.36491666718750004 0.6055183828125 0.362 0.6093400734375 0.3593333328125 0.61265625 0.3426666671875 0.6122794125000001 0.3363333328125 0.61448345625 0.32779166718749997 0.6171323531249999 0.3205 0.6318382359375 0.31945833281249997 0.6391911765625 0.3215416671875 0.6465441171874999 0.3257083328125 0.6502205875 0.3371666671875 0.6520588234375
10 0.390625 0.6488970593750001 0.3958333328125 0.65073529375 0.41041666718750003 0.6488970593750001 0.42291666718750004 0.637867646875 0.4270833328125 0.612132353125 0.434375 0.6047794125 0.4427083328125 0.6011029406249999 0.44375 0.5919117640625 0.4427083328125 0.58823529375 0.43854166718750004 0.5863970593750001 0.42604166718750003 0.5955882359375 0.41875 0.6084558828125 0.4135416671875 0.612132353125 0.3916666671875 0.6139705875 0.38229166718749996 0.6231617640625 0.3791666671875 0.6341911765625 0.38125 0.6452205875 0.3885416671875 0.65073529375 0.390625 0.6488970593750001
4 0.5635416671875 0.6488970593750001 0.5677083328125 0.6488970593750001 0.578125 0.6415441171875 0.5916666671875 0.6286764703125 0.596875 0.61948529375 0.5979166671875 0.6139705875 0.6020833328124999 0.606617646875 0.6020833328124999 0.5955882359375 0.6010416671875001 0.5900735296875 0.5979166671875 0.5863970593750001 0.5875 0.5863970593750001 0.5864583328124999 0.58823529375 0.5833333328125 0.58823529375 0.5802083328125 0.5974264703125 0.58125 0.6029411765625 0.5739583328125 0.6158088234375 0.5614583328125 0.625 0.5604166671875 0.6268382359375 0.5604166671875 0.6397058828125 0.5614583328125 0.6452205875 0.5635416671875 0.6488970593750001
2 0.6385416671875 0.637867646875 0.6489583328124999 0.637867646875 0.6614583328125 0.6341911765625 0.665625 0.63051470625 0.6666666671875 0.606617646875 0.659375 0.6011029406249999 0.6520833328125 0.5900735296875 0.6375 0.5790441171875 0.6145833328125 0.5827205875 0.6114583328125 0.5863970593750001 0.6114583328125 0.606617646875 0.634375 0.6341911765625 0.6385416671875 0.637867646875
5 0.376596875 0.650805146875 0.3493708328125 0.7298621328125 0.41843125 0.731617646875 0.4366927078125 0.650805146875 0.376596875 0.650805146875
5 0.6475270828124999 0.7339613968750001 0.6196364578125 0.65373345625 0.564620803125 0.65547531875 0.5784666671875 0.7345459562500001 0.6475270828124999 0.7339613968750001
5 0.71775 0.7317702203125 0.6785708328125 0.6503713234374999 0.6207989578124999 0.6497849265625 0.622459375 0.657398896875 0.65068125 0.7317702203125 0.71775 0.7317702203125
6 0.3327552078125 0.5603455875 0.220990625 0.7514981625 0.7572375 0.756476103125 0.6708739578125 0.566319853125 0.3327552078125 0.5603455875