0 0.7984854171875 0.34008455937500004 0.765909375 0.259915440625 0.190909375 0.25323345625 0.19208873906249999 0.2573942 0.0060604171875 0.7688125 0.015909375 0.9213180140624999 0.9989583328125 0.8986029406249999 0.8318177078125 0.3267224265625 0.7984854171875 0.34008455937500004
5 0.719696875 0.48429963281250005 0.6174239578125 0.48830147031250004 0.644696875 0.7729117640625 0.7848489578125 0.7702389703125 0.719696875 0.48429963281250005
5 0.8265156250000001 0.48830882343750004 0.723484375 0.4866305140625 0.780303125 0.7702389703125 0.9181822921875 0.77959375 0.8265156250000001 0.48830882343750004
5 0.6772729171874999 0.3159430140625 0.5909093750000001 0.3079264703125 0.6113635421875 0.4949889703125 0.7113635421875 0.4816268375 0.6772729171874999 0.3159430140625
5 0.7681822921875 0.3146066171875 0.6810604171875 0.31727941249999997 0.7083333328125 0.4776194859375 0.8181822921874999 0.480290440625 0.7681822921875 0.3146066171875
8 0.2520833328125 0.7389705875 0.2666666671875 0.7573529406249999 0.29375 0.75551470625 0.3114583328125 0.7408088234375 0.3302083328125 0.7113970593750001 0.340625 0.6801470593750001 0.340625 0.6488970593750001 0.3302083328125 0.6231617640625 0.3333333328125 0.606617646875 0.3552083328125 0.59375 0.3739583328125 0.56801470625 0.3802083328125 0.5422794125 0.3770833328125 0.5036764703125 0.3541666671875 0.4889705875 0.33645833281250004 0.4889705875 0.3145833328125 0.5036764703125 0.29375 0.5330882359375 0.2645833328125 0.5533088234375 0.2552083328125 0.5772058828125 0.2510416671875 0.6102941171875 0.24375 0.63051470625 0.2427083328125 0.6525735296875 0.25 0.6838235296875 0.23958333281250002 0.7040441171875 0.2520833328125 0.7389705875
4 0.1302083328125 0.75551470625 0.1375 0.7352941171875 0.20416666718749998 0.6231617640625 0.2541666671875 0.544117646875 0.2666666671875 0.5330882359375 0.271875 0.512867646875 0.2677083328125 0.4852941171875 0.1885416671875 0.5588235296875 0.121875 0.65073529375 0.0979166671875 0.6948529406249999 0.075 0.7408088234375 0.0770833328125 0.7536764703125 0.08854166718749999 0.7665441171875 0.1302083328125 0.75551470625
5 0.2348489578125 0.318615809375 0.1727270828125 0.4816268375 0.2825760421875 0.48830882343750004 0.3166666671875 0.3132702203125 0.2348489578125 0.318615809375
5 0.3257572921875 0.309492646875 0.2848489578125 0.47494669062500006 0.3810604171875 0.48563602968749997 0.4030302078125 0.3132702203125 0.3257572921875 0.309492646875
7 0.3958333328125 0.544117646875 0.40833333281249995 0.5551470593750001 0.475 0.5827205875 0.48333333281249996 0.5588235296875 0.48020833281249997 0.44117647031249996 0.49583333281249997 0.387867646875 0.49375 0.375 0.509375 0.257352940625 0.521875 0.21323529375 0.5447916671875 0.1654411765625 0.5552083328124999 0.11948529375000001 0.5614583328125 0.1084558828125 0.559375 0.0955882359375 0.5479166671875 0.09375 0.5395833328124999 0.1084558828125 0.47291666718750003 0.2518382359375 0.45520833281249995 0.305147059375 0.453125 0.3602941171875 0.4427083328125 0.38051470625 0.39375 0.5330882359375 0.3958333328125 0.544117646875
10 0.3239583328125 0.194852940625 0.3291666671875 0.1599264703125 0.35104166718749996 0.1341911765625 0.3447916671875 0.137867646875 0.3395833328125 0.13051470625 0.3166666671875 0.1599264703125 0.28854166718749996 0.1599264703125 0.2697916671875 0.180147059375 0.2677083328125 0.1985294125 0.27291666718749996 0.211397059375 0.3083333328125 0.21507352968750001 0.3239583328125 0.194852940625
10 0.347553125 0.1102941171875 0.34651145781250003 0.08823529375 0.3527614578125 0.0772058828125 0.375678125 0.0533088234375 0.369428125 0.0422794125 0.360053125 0.0422794125 0.344428125 0.055147059374999995 0.3370854171875 0.078007353125 0.3121364578125 0.0735294125 0.297553125 0.0919117640625 0.297553125 0.112132353125 0.3017197921875 0.11948529375000001 0.3371364578125 0.11948529375000001 0.347553125 0.1102941171875
10 0.4145833328125 0.1047794125 0.41875 0.0735294125 0.4322916671875 0.0606617640625 0.434375 0.0477941171875 0.42395833281249995 0.044117646875 0.3947916671875 0.0735294125 0.3739583328125 0.0772058828125 0.365625 0.0919117640625 0.3645833328125 0.106617646875 0.36875 0.11948529375000001 0.40520833281249996 0.11948529375000001 0.4145833328125 0.1047794125
5 0.3643583328125 0.12611029375 0.3414489578125 0.216540440625 0.4174479171875 0.216540440625 0.4258114578125 0.120977940625 0.3643583328125 0.12611029375
5 0.6331239578125001 0.1224246328125 0.5711645828125 0.1221599265625 0.577859375 0.21889154375 0.653634375 0.216882353125 0.6331239578125001 0.1224246328125
5 0.70006875 0.12341544062500001 0.6342635421875 0.1254393375 0.6559135421875 0.21889154375 0.7294104171875 0.21889154375 0.70006875 0.12341544062500001
4 0.6135416671875 0.0790441171875 0.6177083328124999 0.044117646875 0.6072916671875 0.03125 0.58643125 0.07539338281249999 0.5727395828125 0.09283272031249999 0.571875 0.117647059375 0.596875 0.10294117656249999 0.6135416671875 0.0790441171875
2 0.690625 0.0716911765625 0.66875 0.03676470625 0.6375 0.038602940625 0.6302083328125 0.0459558828125 0.6291666671875 0.069852940625 0.6552083328125 0.106617646875 0.6854166671875 0.101102940625 0.690625 0.0716911765625
6 0.7645072921875 0.1836985296875 0.6947197921875 0.0118014703125 0.2928385421875 0.0128621328125 0.2965979171875 0.00804779375 0.2940416671875 0.0055735296875 0.203196875 0.2409981625 0.7608979171875 0.24418198593749998 0.7482635421875 0.20704411718750002 0.7645072921875 0.1836985296875