7 0.2989583328125 0.4154411765625 0.6447916671875 0.8272058828125 0.6697916671875 0.8860294124999999 0.7083333328125 0.9227941171875 0.7322916671875 0.919117646875 0.7447916671875 0.9301470593750001 0.778125 0.9705882359375 0.7885416671875001 0.9981617640625 0.8625 0.9963235296875 0.8416666671874999 0.9338235296875 0.8291666671875 0.90625 0.8208333328125 0.90073529375 0.8197916671875 0.887867646875 0.8072916671874999 0.8639705875000001 0.8041666671875 0.8474264703125 0.7760416671875 0.7959558828125 0.7520833328125 0.768382353125 0.7458333328125 0.7536764703125 0.7260416671875001 0.7389705875 0.715625 0.7224264703125 0.690625 0.7022058828125 0.6583333328125 0.66176470625 0.6416666671875 0.65073529375 0.5791666671875 0.5827205875 0.5083333328124999 0.5202205875 0.32083333281250004 0.31617647031249996 0.3135416671875 0.3125 0.3 0.3235294125 0.2927083328125 0.34926470625 0.296875 0.362132353125 0.2947916671875 0.4080882359375 0.2989583328125 0.4154411765625
8 0.6104166671875 0.46507352968750004 0.6385416671875 0.5018382359375 0.671875 0.5018382359375 0.6875 0.47610294062499997 0.6864583328125 0.4466911765625 0.6791666671875001 0.41360294062499997 0.684375 0.4044117640625 0.6854166671875 0.37132352968750004 0.6697916671875 0.34007352968750004 0.6489583328124999 0.3345588234375 0.6260416671875 0.34007352968750004 0.6197916671875 0.3584558828125 0.6020833328124999 0.37132352968750004 0.6052083328125 0.4485294125 0.6104166671875 0.46507352968750004
8 0.7541666671875 0.5036764703125 0.7791666671875 0.4981617640625 0.7885416671875001 0.4834558828125 0.778125 0.3768382359375 0.7614583328125 0.3455882359375 0.7229166671875 0.336397059375 0.7 0.367647059375 0.696875 0.3970588234375 0.721875 0.47610294062499997 0.74375 0.5 0.7541666671875 0.5036764703125
8 0.3416666671875 0.23529411718749998 0.3489583328125 0.21875 0.3489583328125 0.194852940625 0.3604166671875 0.18198529375 0.3625 0.16176470625 0.3458333328125 0.15441176406249998 0.32083333281250004 0.15625 0.29375 0.180147059375 0.2947916671875 0.23529411718749998 0.30625 0.24632352968750001 0.328125 0.24632352968750001 0.3416666671875 0.23529411718749998
8 0.43958333281249995 0.0974264703125 0.4375 0.086397059375 0.40729166718750004 0.0772058828125 0.396875 0.0900735296875 0.384375 0.0919117640625 0.38125 0.106617646875 0.384375 0.13970588281250002 0.4166666671875 0.1525735296875 0.43125 0.137867646875 0.43958333281249995 0.0974264703125
10 0.778125 0.7775735296875 0.7916666671875 0.7794117640625 0.8010416671874999 0.643382353125 0.7989583328125 0.6268382359375 0.8302083328125001 0.6231617640625 0.8447916671875 0.6084558828125 0.8458333328125001 0.5698529406249999 0.8229166671874999 0.5220588234375 0.790625 0.5018382359375 0.7645833328125 0.5073529406249999 0.7520833328125 0.5386029406249999 0.7520833328125 0.5606617640625 0.784375 0.6268382359375 0.7729166671875001 0.762867646875 0.778125 0.7775735296875
4 0.21979166718749998 0.49448529375000005 0.2864583328125 0.4080882359375 0.3 0.3768382359375 0.3010416671875 0.3455882359375 0.290625 0.34375 0.2541666671875 0.375 0.2208333328125 0.41176470624999995 0.1770833328125 0.481617646875 0.175 0.49264705937500003 0.18125 0.5073529406249999 0.21875 0.5018382359375 0.21979166718749998 0.49448529375000005
10 0.6677083328125 0.2481617640625 0.6947916671875001 0.242647059375 0.7052083328125 0.23161764687500003 0.703125 0.21875 0.7083333328125 0.211397059375 0.690625 0.15073529375 0.6822916671875 0.16176470625 0.6791666671875001 0.1764705875 0.64375 0.1966911765625 0.640625 0.21507352968750001 0.6447916671875 0.2279411765625 0.6520833328125 0.2408088234375 0.6677083328125 0.2481617640625
2 0.6395833328125 0.20220588281250002 0.6416666671875 0.1838235296875 0.61875 0.143382353125 0.5885416671875 0.14154411718749998 0.5677083328125 0.15625 0.5992427078125 0.21973897031249998 0.6212125000000001 0.2250827203125 0.630303125 0.2170661765625 0.6395833328125 0.20220588281250002
10 0.6333333328124999 0.1525735296875 0.659375 0.15625 0.6604166671875 0.15441176406249998 0.665625 0.15441176406249998 0.6760416671875 0.14154411718749998 0.6739583328125 0.13051470625 0.6624708328125 0.11479963281250001 0.6697916671875 0.0845588234375 0.665625 0.0790441171875 0.6572916671875 0.0919117640625 0.6552083328125 0.0919117640625 0.65 0.106617646875 0.634375 0.1102941171875 0.625 0.11948529375000001 0.6239583328125 0.1213235296875 0.6239583328125 0.1341911765625 0.6260416671875 0.14154411718749998 0.6333333328124999 0.1525735296875
4 0.571875 0.15441176406249998 0.5895833328125 0.14154411718749998 0.59375 0.14154411718749998 0.6010416671875001 0.1341911765625 0.6072916671875 0.12316176406249998 0.6104166671875 0.12316176406249998 0.6145833328125 0.112132353125 0.6135416671875 0.0827205875 0.6033541671875 0.0760330875 0.586175 0.098759190625 0.5788489578125 0.11479963281250001 0.5635416671875 0.1470588234375 0.565625 0.15073529375 0.571875 0.15441176406249998
10 0.5515625 0.0703125 0.00390625 0.0046875
5 0.1791072921875 0.49623345625 0.08216562499999999 0.766102940625 0.2254520828125 0.7787389703125001 0.2773927078125 0.4975882359375 0.1791072921875 0.49623345625
5 0.285453125 0.49623345625 0.2236604171875 0.783477940625 0.341871875 0.78979595625 0.3884395828125 0.5244393374999999 0.285453125 0.49623345625
5 0.7153114578124999 0.50390625 0.607846875 0.49820955937500006 0.620384375 0.6160514703125 0.7771041671875001 0.78979595625 0.7153114578124999 0.50390625
0 0.9884864578125001 0.7553180140625 0.8121218750000001 0.354851103125 0.7857197921875 0.3529871328125 0.7772708328125 0.30269669062500004 0.2175510421875 0.2859319859375 0.2112145828125 0.2893327203125 0 0.764632353125 0.0031677078125 0.9981617640625 0.9989583328125 0.9732481625 0.9884864578125001 0.7553180140625
6 0.7533000000000001 0.2075128671875 0.6924572921875 0.053090073437499996 0.31181875 0.054398896875000005 0.2235229171875 0.2637867640625 0.7614614578125 0.272946690625 0.7421697921875 0.215365809375 0.7533000000000001 0.2075128671875