5 0.226515625 0.82635845625 0.12803020781250002 0.9981617640625 0.2530302078125 0.9981617640625 0.3083333328125 0.8210147062500001 0.226515625 0.82635845625
5 0.31534062500000004 0.8258694859375 0.2492427078125 0.9981617640625 0.3636364578125 0.9981617640625 0.398484375 0.833040440625 0.31534062500000004 0.8258694859375
5 0.7454541671875 0.9981617640625 0.6848489578125 0.830367646875 0.598484375 0.830882353125 0.5977270828125001 0.8276948531249999 0.6227270828125 0.9973878671874999 0.7454541671875 0.9981617640625
1 0.8363635421875 0.9981617640625 0.8681822921875 0.9920441171875 0.873484375 0.9452775734375001 0.8833333328125 0.8878235296874999 0.8833333328125 0.8610992640624999 0.8795458328124999 0.8156691171875 0.8719697921874999 0.7969632359375 0.8628791671875 0.780928309375 0.8386364578125001 0.7702389703125 0.8128791671875 0.7582150734375 0.7962125 0.8116617640625 0.7825760421875 0.86510845625 0.7772729171874999 0.9613125 0.7871208328125 0.9920441171875 0.8363635421875 0.9981617640625
0 0.8954541671875 0.8397205874999999 0.8886364578125001 0.778257353125 0.8378791671875 0.7542058828125 0.8083333328125001 0.7515330875 0.7863635421875 0.8103253671875 0.20984895781250001 0.7702389703125 0.0560604171875 0.9981617640625 0.955303125 0.9981617640625 0.88939375 0.9345882359375001 0.8954541671875 0.8397205874999999
4 0.389425 0.6052720593750001 0.3931989578125 0.5945625 0.39352708281250004 0.587615809375 0.3864708328125 0.582117646875 0.3817114578125 0.5850110296875 0.37760937499999997 0.5858805140625 0.3756395828125 0.58732720625 0.374490625 0.5945625 0.365465625 0.6012205875000001 0.3564395828125 0.6110606625 0.3520083328125 0.6139558828125 0.34954687500000003 0.61279779375 0.3372385421875 0.6197444859375 0.32739270781249996 0.624375 0.3209927078125 0.6321911765625 0.3200232015625 0.645303221875 0.3191875 0.6457941171875 0.32755625 0.6463731625 0.34478749999999997 0.6385588234374999 0.3646447921875 0.630165440625 0.389425 0.6052720593750001
5 0.3756395828125 0.6501360296875001 0.31508437499999997 0.64753125 0.275776421875 0.7326815515625 0.3477416671875 0.73638970625 0.3756395828125 0.6501360296875001
5 0.37760937499999997 0.6504246328125001 0.37765 0.65167095625 0.3467572921875 0.737257353125 0.419128125 0.737257353125 0.4338979171875 0.653319853125 0.37760937499999997 0.6504246328125001
5 0.39779375 0.59282720625 0.3984510421875 0.593115809375 0.37925 0.6472408093750001 0.436359375 0.648977940625 0.44456458281250005 0.5939834562499999 0.39779375 0.59282720625
5 0.6228177078125 0.64751470625 0.56264375 0.6543786765624999 0.580375 0.735178309375 0.6473895828125 0.737147059375 0.6228177078125 0.64751470625
5 0.679221875 0.64751470625 0.6275645828124999 0.6506838234375001 0.6518572921875 0.7312389703125 0.7222229171875 0.7322224265624999 0.679221875 0.64751470625
5 0.6027135421875001 0.5923566171875 0.5563614578125 0.591553309375 0.5613875 0.6445606625 0.6183500000000001 0.6416066171875 0.6027135421875001 0.5923566171875
2 0.63560625 0.5782077203125 0.612940625 0.5826213234375001 0.61146875 0.6065036765625 0.640021875 0.637913603125 0.6665145828125 0.631163603125 0.6675447921875 0.6059834562499999 0.63560625 0.5782077203125
6 0.3255604171875 0.5544613968750001 0.2083583328125 0.7496911765625 0.7788406250000001 0.7249558828125 0.6711552078125 0.56329595625 0.3255604171875 0.5544613968750001