5 0.198484375 0.5457628671875 0.173484375 0.48563602968749997 0.173484375 0.41882720625000003 0.18560625 0.37874264687500003 0.20833333281250002 0.3520183828125 0.2401510421875 0.3466746328125 0.2439395828125 0.318615809375 0.12424270781249999 0.3159430140625 0.053030207812499994 0.623663603125 0.1969697921875 0.63929595625 0.2121208328125 0.5417555140625 0.198484375 0.5457628671875
5 0.176515625 0.111509190625 0.1348489578125 0.3092610296875 0.24696979218749998 0.3212867640625 0.280303125 0.11017279375 0.176515625 0.111509190625
5 0.35984895781250004 0.3119338234375 0.36212083281249996 0.28521139687499997 0.3636364578125 0.21973897031249998 0.3787875 0.2130569859375 0.3863635421875 0.10482720625 0.28125 0.10227205937499999 0.2833333328125 0.1141819859375 0.25 0.3159430140625 0.35984895781250004 0.3119338234375
5 0.7083333328125 0.100819853125 0.6075760421874999 0.103492646875 0.6181822921875 0.2170661765625 0.626515625 0.3132702203125 0.7431822921875 0.3212867640625 0.7083333328125 0.100819853125
5 0.7477270828125 0.326632353125 0.6287874999999999 0.3195183828125 0.6492427078125 0.6312775734375 0.7969697921875001 0.6352867640625 0.7477270828125 0.326632353125
5 0.8689395828125 0.3146066171875 0.75189375 0.3211893375 0.8030302078125 0.6326139703125 0.93939375 0.6232610296875001 0.8689395828125 0.3146066171875
1 0.8219697921875 0.3105974265625 0.859090625 0.3119338234375 0.8712125000000001 0.2731856625 0.88939375 0.24646139687500002 0.9181822921875 0.20504044062500001 0.9265156250000001 0.158273896875 0.9462125 0.11017279375 0.9545458328124999 0.0807775734375 0.9416666671874999 0.0447003671875 0.8992427078125 0.0300018375 0.8628791671875 0.052716912500000004 0.8560604171874999 0.07944117656250001 0.8431822921875 0.0968106625 0.819696875 0.14625 0.7973489578125 0.22593566250000002 0.78939375 0.2665036765625 0.7871208328125 0.2945643375 0.8219697921875 0.3105974265625
0 0.9989583328125 0.557788603125 0.91439375 0.2571507359375 0.9257572921874999 0.2063768375 0.9575760421874999 0.13689705937500002 0.9522729171875 0.067415440625 0.9257572921874999 0.047373162499999996 0.9068177078125 0.0353474265625 0.884090625 0.0300018375 0.859090625 0.0447003671875 0.8439395828125 0.0313382359375 0.13787916718749998 0.038020220312500005 0 0.5377463234375 0.0045458328125 0.8076525734375 0.9989583328125 0.8129981624999999 0.9989583328125 0.557788603125
1 0.3030302078125 0.5871856625 0.3333333328125 0.5377463234375 0.33560625 0.505678309375 0.325 0.47494669062500006 0.309090625 0.42016360312499995 0.28863645781249997 0.41348345625 0.2666666671875 0.3600367640625 0.225 0.36137316249999996 0.1878791671875 0.3880955875 0.176515625 0.43352573593750005 0.1833333328125 0.4909797796875 0.2060604171875 0.51503125 0.2310604171875 0.5711507359375 0.273484375 0.6165808828125 0.280303125 0.6152444859374999 0.2878791671875 0.612571690625 0.3030302078125 0.5871856625
9 0.373484375 0.21038602968750003 0.3424239578125 0.7047683828125 0.6401510421875 0.68873345625 0.6174239578125 0.2264191171875 0.373484375 0.21038602968750003
8 0.376515625 0.7648952203125 0.384090625 0.77692095625 0.39393958281249997 0.79295404375 0.4166666671875 0.79295404375 0.4371208328125 0.780928309375 0.465909375 0.7528694859375 0.49090937500000004 0.7381709562500001 0.5060604171875001 0.7154577203125 0.51439375 0.6727003671875 0.5219697921875001 0.6419669125 0.5280302078125 0.651321690625 0.5401510421875 0.6486488968749999 0.5598489578125 0.6486488968749999 0.5931822921875 0.6473125 0.6128791671875 0.5791672796875 0.6128791671875 0.5203768375 0.615909375 0.46693014687499995 0.6030302078124999 0.4468878671875 0.5962125 0.43886948593749997 0.5507572921875 0.3961121328125 0.5174239578125001 0.4001213234375 0.49621250000000006 0.4108106625 0.48484895781250004 0.43352573593750005 0.469696875 0.4549044125 0.4431822921875 0.47093749999999995 0.3977270828125 0.524384190625 0.3772729171875 0.563134190625 0.3507572921875 0.6419669125 0.3545458328125 0.6633455875000001 0.3545458328125 0.7248106625 0.376515625 0.7648952203125
7 0.4954541671875 0.2063768375 0.49090937500000004 0.19167830937500002 0.48106041718750003 0.158273896875 0.4757572921875 0.1195257359375 0.4886364578125 0.12353492656250001 0.5030302078125 0.103492646875 0.5022729171875 0.067415440625 0.5060604171875001 0.0300018375 0.5037874999999999 0.00595220625 0.48257604218749994 0.0006066171875 0.465909375 0.01664154375 0.4583333328125 0.0340110296875 0.44545416718749997 0.08211397031249999 0.4462125 0.1075 0.44848437499999994 0.1569393375 0.44166666718750003 0.160946690625 0.42992395781250003 0.20086948593749998 0.44242395781250005 0.2090496328125 0.4871208328125 0.2184025734375 0.4954541671875 0.2063768375