5 0.3500104171875 0.59292279375 0.31313854218750004 0.656992646875 0.3758760421875 0.656992646875 0.3956885421875 0.5909816171875 0.3500104171875 0.59292279375
5 0.31368854218750003 0.65214154375 0.27296458281249997 0.7336819859375 0.3522114578125 0.7346544125000001 0.3769770828125 0.6463143375 0.31368854218750003 0.65214154375
5 0.43476145781250003 0.6521397062500001 0.3756010421875 0.650928309375 0.3505604171875 0.7346544125000001 0.4221041671875 0.731740809375 0.43476145781250003 0.6521397062500001
5 0.5530822921875 0.591444853125 0.5624385421875 0.65311029375 0.6218739578125 0.6472849265625 0.6037135421875 0.594865809375 0.5530822921875 0.591444853125
5 0.6515916671875 0.5938952203125 0.6094916671874999 0.5902297796875 0.6191229171875 0.6579632359375001 0.6868135421875 0.6550514703125 0.6515916671875 0.5938952203125
5 0.5620260421875 0.6485000000000001 0.5723447921875 0.7181507359375 0.648840625 0.7385367640625 0.628478125 0.649227940625 0.5620260421875 0.6485000000000001
5 0.680209375 0.653163603125 0.6225625 0.650928309375 0.6471895828124999 0.7347058828125 0.7236854171875 0.7317941171875 0.680209375 0.653163603125
5 0.3098364578125 0.83178125 0.22288437499999997 0.8245257359375 0.13428125 0.994867646875 0.25370312500000003 0.9981617640625 0.3098364578125 0.83178125
5 0.39733854218750003 0.8308106625 0.3098364578125 0.8308106625 0.2520520828125 0.9981617640625 0.3698229171875 0.9981617640625 0.39733854218750003 0.8308106625
8 0.7166666671875 0.9981617640625 0.7166666671875 0.9724264703125 0.7041666671875 0.9411764703125 0.7020833328125 0.8731617640625 0.696875 0.856617646875 0.684375 0.8400735296875 0.6666666671875 0.8272058828125 0.6416666671875 0.8272058828125 0.6354166671875 0.830882353125 0.6260416671875 0.8529411765624999 0.6177083328124999 0.856617646875 0.5802083328125 0.8327205875000001 0.578125 0.8547794124999999 0.60625 0.875 0.6385416671875 0.9981617640625 0.7166666671875 0.9981617640625
8 0.7239583328125 0.9338235296875 0.734375 0.9393382359375 0.7572916671875001 0.99448529375 0.840625 0.9981617640625 0.8395833328125001 0.9705882359375 0.803125 0.8713235296875 0.7739583328124999 0.830882353125 0.7322916671875 0.8272058828125 0.7166666671875 0.8602941171875 0.7135416671875 0.8713235296875 0.715625 0.8952205875000001 0.7270833328124999 0.9227941171875 0.7239583328125 0.9338235296875
8 0.43541666718750005 0.6397058828125 0.446875 0.59926470625 0.43854166718750004 0.5919117640625 0.415625 0.5919117640625 0.4 0.59926470625 0.39375 0.6102941171875 0.3927083328125 0.6360294125 0.39791666718749996 0.6452205875 0.42395833281249995 0.6488970593750001 0.43541666718750005 0.6397058828125
7 0.4760416671875 0.9669117640625 0.49583333281249997 0.9080882359375 0.48020833281249997 0.8713235296875 0.49895833281249996 0.83823529375 0.5010416671875 0.8014705875000001 0.5072916671875001 0.77573529375 0.54375 0.6783088234375 0.5447916671875 0.65625 0.5520833328125 0.637867646875 0.5479166671875 0.625 0.5375 0.6231617640625 0.4760416671875 0.7610294125 0.45520833281249995 0.8198529406249999 0.45104166718750005 0.8685661765624999 0.409375 0.9981617640625 0.4760416671875 0.9981617640625 0.4760416671875 0.9669117640625
5 0.331996875 0.573865809375 0.2087833328125 0.7782481625 0.7916541671874999 0.7606047796875 0.6627447921875 0.5675202203125 0.331996875 0.573865809375
0 0.207671875 0.77732904375 0.06264895781249999 0.9981617640625 0.92723125 0.9981617640625 0.8044333328125 0.7655588234375 0.207671875 0.77732904375