5 0.3484614578125 0.5923363968750001 0.3168375 0.6515606625 0.3763041671875 0.6521672796875 0.397959375 0.593959559375 0.3484614578125 0.5923363968750001
5 0.4447072921875 0.596990809375 0.3991625 0.5930955875 0.3783666671875 0.6515606625 0.43508229218750005 0.6497426468749999 0.4447072921875 0.596990809375
5 0.31583854218749996 0.6511047796875 0.274459375 0.73495220625 0.3470458328125 0.73495220625 0.37643229218749996 0.6516599265624999 0.31583854218749996 0.6511047796875
5 0.42013437500000006 0.7327371328125001 0.43545520781249997 0.653875 0.3779739828125 0.652230403125 0.3470458328125 0.7340661765625 0.42013437500000006 0.7327371328125001
5 0.5497354171875 0.5990257359375 0.55978125 0.65079779375 0.6205635421875 0.6490257359375 0.604990625 0.596305146875 0.5497354171875 0.5990257359375
5 0.5616656250000001 0.6505514703124999 0.5763583328124999 0.7358621328125 0.649446875 0.734976103125 0.622321875 0.6534558828125 0.5616656250000001 0.6505514703124999
5 0.6808895828125 0.6507628671875 0.6220229171875 0.65111029375 0.648703125 0.7347555140625001 0.724575 0.7352169125 0.6808895828125 0.6507628671875
5 0.3119260421875 0.8307555140625 0.2236427078125 0.830961396875 0.13471979218750002 0.9964613968749999 0.2534260421875 0.9972150734375 0.3119260421875 0.8307555140625
5 0.2525729171875 0.9979687500000001 0.3712791671875 0.9981617640625 0.4008489578125 0.8337867640625 0.40373125 0.8300018375 0.31278020781250004 0.83301470625 0.2525729171875 0.9979687500000001
5 0.6838458328125 0.83301470625 0.596203125 0.830961396875 0.622784375 0.9972150734375 0.7389291671875 0.9979687500000001 0.6838458328125 0.83301470625
2 0.675 0.6397058828125 0.6708333328125 0.6102941171875 0.6791666671875001 0.6029411765625 0.6729166671875 0.5863970593750001 0.6666666671875 0.5955882359375 0.653125 0.59375 0.640625 0.5827205875 0.6125 0.58823529375 0.6114583328125 0.6047794125 0.6375 0.637867646875 0.6677083328125 0.6323529406249999 0.675 0.6397058828125
1 0.884375 0.8713235296875 0.8854166671874999 0.8235294124999999 0.86875 0.78125 0.828125 0.762867646875 0.8083333328125001 0.7665441171875 0.7885416671875001 0.794117646875 0.790625 0.81801470625 0.784375 0.8400735296875 0.784375 0.8786764703125 0.7729166671875001 0.9080882359375 0.759375 0.9227941171875 0.759375 0.9797794124999999 0.7697916671875 0.9981617640625 0.8645833328125001 0.9981617640625 0.884375 0.8713235296875
6 0.33039375 0.5766433828124999 0.20688333281250001 0.77803125 0.7914510421875 0.7720055140625 0.6671927078125 0.5791838234375 0.33039375 0.5766433828124999
0 0.2092666671875 0.7773400734375 0.0664875 0.9981617640625 0.9286927078125 0.9981617640625 0.7954656250000001 0.767584559375 0.2092666671875 0.7773400734375