7 0.190909375 0.695413603125 0.05 0.9981617640625 0.2401510421875 0.9981617640625 0.276515625 0.9385974265625 0.3462125 0.9466139703125 0.42348437499999997 0.8824779406250001 0.469696875 0.700759190625 0.48560625 0.6580018375 0.6371208328125 0.42818014687500006 0.7159093750000001 0.31995036718750003 0.7325760421874999 0.33063970625 0.8424239578125 0.1702996328125 0.8787874999999999 0.0968106625 0.8833333328125 0.007288603124999999 0.8352270828125 0.01370404375 0.601515625 0.2705128671875 0.5674239578125 0.2571507359375 0.2537875 0.593865809375 0.190909375 0.695413603125
4 0.721875 0.78125 0.7270833328124999 0.7261029406249999 0.7510416671875 0.6139705875 0.7510416671875 0.5955882359375 0.759375 0.5698529406249999 0.7583333328124999 0.549632353125 0.7479166671875 0.5220588234375 0.728125 0.53676470625 0.6916666671875 0.5974264703125 0.6770833328125 0.6415441171875 0.66875 0.6966911765625 0.6666666671875 0.78676470625 0.671875 0.7959558828125 0.6916666671875 0.7977941171875 0.721875 0.78125
10 0.8114583328125 0.7922794125 0.815625 0.8051470593750001 0.828125 0.8088235296875 0.834375 0.7977941171875 0.8229166671874999 0.7775735296875 0.828125 0.6893382359375 0.8375 0.6838235296875 0.8427083328125 0.6599264703125 0.8739583328125 0.6452205875 0.8895833328125 0.6268382359375 0.8916666671875 0.5955882359375 0.884375 0.56801470625 0.8541666671874999 0.5275735296875 0.8177083328125001 0.518382353125 0.8020833328125001 0.52573529375 0.79375 0.544117646875 0.7927083328125 0.5827205875 0.8083333328125001 0.6139705875 0.8270833328125 0.6341911765625 0.8114583328125 0.7922794125
4 0.259375 0.4889705875 0.28409062500000004 0.472273896875 0.31439374999999997 0.4215 0.3385416671875 0.38051470625 0.3447916671875 0.3639705875 0.3458333328125 0.3419117640625 0.2958333328125 0.3768382359375 0.26875 0.40625 0.2166666671875 0.487132353125 0.21770833281250002 0.5 0.22395833281250002 0.50551470625 0.2520833328125 0.5018382359375 0.259375 0.4889705875
8 0.371875 0.25 0.378125 0.23897058750000003 0.38229166718749996 0.22426470625 0.3802083328125 0.2095588234375 0.3927083328125 0.194852940625 0.3947916671875 0.1783088234375 0.3875 0.169117646875 0.3572916671875 0.17095588281250002 0.3291666671875 0.1985294125 0.328125 0.24448529375 0.3395833328125 0.257352940625 0.35625 0.2591911765625 0.371875 0.25
8 0.790625 0.518382353125 0.815625 0.5147058828125 0.8270833328125 0.5 0.8229166671874999 0.4393382359375 0.8114583328125 0.424632353125 0.815625 0.40073529375000005 0.7979166671875 0.356617646875 0.7833333328125 0.34742647031249996 0.75625 0.34742647031249996 0.7354166671875 0.38051470625 0.7333333328125 0.40992647031249996 0.75 0.47242647031249996 0.7666666671875 0.5 0.790625 0.518382353125
8 0.6791666671875001 0.5165441171875 0.6947916671875001 0.5165441171875 0.7104166671875001 0.50551470625 0.715625 0.4889705875 0.7145833328125 0.46139705937500003 0.7114583328124999 0.4356617640625 0.7052083328125 0.4209558828125 0.715625 0.4044117640625 0.7020833328125 0.4154411765625 0.6708333328125 0.4044117640625 0.6447916671875 0.41176470624999995 0.6385416671875 0.4227941171875 0.6416666671875 0.46507352968750004 0.65625 0.4981617640625 0.6791666671875001 0.5165441171875
5 0.35606041718750003 0.34792830937499997 0.3181822921875 0.508351103125 0.4257572921875 0.3987849265625 0.4348489578125 0.3520183828125 0.35606041718750003 0.34792830937499997
5 0.3098489578125 0.516367646875 0.21685625000000003 0.5100275734374999 0.12121249999999999 0.7648952203125 0.144696875 0.7689044125 0.2204541671875 0.6192536765625001 0.3098489578125 0.516367646875
0 0.8583333328125 0.3587003671875 0.2492427078125 0.3025808828125 0 0.8731249999999999 0.998484375 0.96932904375 0.9989583328125 0.69407904375 0.8583333328125 0.3587003671875
2 0.4604166671875 0.23713235312499997 0.4625 0.23161764687500003 0.453125 0.2169117640625 0.45104166718750005 0.1966911765625 0.4322916671875 0.15808823593750002 0.4010416671875 0.16176470625 0.39895833281250004 0.18566176406249998 0.40833333281249995 0.2408088234375 0.4427083328125 0.23161764687500003 0.4604166671875 0.23713235312499997
8 0.4166666671875 0.148897059375 0.41875 0.1525735296875 0.4270833328125 0.1525735296875 0.4387625 0.16181433750000002 0.4526572921875 0.1667150734375 0.46251041718749997 0.1515661765625 0.4604166671875 0.13970588281250002 0.4625 0.13051470625 0.46770833281249996 0.11948529375000001 0.46875 0.1084558828125 0.46666666718750005 0.10294117656249999 0.4625 0.101102940625 0.434375 0.101102940625 0.41770833281249997 0.11580882343750001 0.415625 0.11948529375000001 0.4145833328125 0.132352940625 0.415625 0.1341911765625 0.415625 0.1452205875 0.4166666671875 0.148897059375
6 0.751515625 0.1074099265625 0.7242427078125 0.0633161765625 0.3416666671875 0.082022059375 0.2522729171875 0.29313602968749997 0.5287875 0.2837830875 0.5962125 0.2517150734375 0.751515625 0.1074099265625
4 0.6 0.1341911765625 0.5979166671875 0.137867646875 0.5979166671875 0.1452205875 0.5989583328125 0.1470588234375 0.6020833328124999 0.1452205875 0.6072916671875 0.148897059375 0.61875 0.148897059375 0.6322916671875001 0.137867646875 0.6395833328125 0.125 0.6447916671875 0.1084558828125 0.6447916671875 0.0955882359375 0.6458333328125 0.0919117640625 0.6416666671875 0.086397059375 0.628125 0.086397059375 0.6260416671875 0.08823529375 0.6239583328125 0.0919117640625 0.621875 0.1102941171875 0.609375 0.1286764703125 0.6 0.1341911765625
10 0.671875 0.1599264703125 0.6875 0.16176470625 0.7010416671875 0.15073529375 0.7041666671875 0.1452205875 0.7041666671875 0.1341911765625 0.6979166671875 0.1213235296875 0.696875 0.1139705875 0.7020833328125 0.09926470625 0.703125 0.0900735296875 0.7010416671875 0.086397059375 0.6989583328125 0.086397059375 0.6895833328125 0.101102940625 0.6875 0.1084558828125 0.6770833328125 0.11580882343750001 0.671875 0.11580882343750001 0.6604166671875 0.12316176406249998 0.65625 0.13051470625 0.65625 0.143382353125 0.6583333328125 0.1470588234375 0.671875 0.1599264703125
2 0.6177083328124999 0.20036764687500003 0.6261395828125 0.2246599265625 0.6327385421875 0.2147849265625 0.634375 0.20588235312499997 0.64375 0.20404411718749998 0.64375 0.20036764687500003 0.6583333328125 0.1911764703125 0.6614583328125 0.18198529375 0.65625 0.1672794125 0.653125 0.1654411765625 0.6479166671875001 0.15625 0.6427083328125 0.1525735296875 0.6145833328125 0.15441176406249998 0.6083333328125 0.15808823593750002 0.6052083328125 0.163602940625 0.6052083328125 0.180147059375 0.6041666671875 0.1838235296875 0.6072916671875 0.1911764703125 0.6177083328124999 0.20036764687500003