9 0.634090625 0.39477573593750004 0.35 0.3974485296875 0.3166666671875 0.6312775734375 0.6636364578125 0.6486488968749999 0.634090625 0.39477573593750004
4 0.70625 0.59926470625 0.703125 0.5863970593750001 0.70626054375 0.5684137953125 0.7204541671875 0.555117646875 0.725 0.5203768375 0.73560625 0.47093749999999995 0.7537874999999999 0.4455514703125 0.7462125000000001 0.41214705937499996 0.7477270828125 0.40145772031250004 0.7552083328125 0.382352940625 0.75625 0.3547794125 0.7510416671875 0.3327205875 0.74375 0.3235294125 0.7041666671875 0.3768382359375 0.68125 0.424632353125 0.665625 0.47610294062499997 0.6572916671875 0.5294117640625 0.6635416671875001 0.61948529375 0.6697916671875 0.6286764703125 0.7010416671875 0.6158088234375 0.70625 0.59926470625
10 0.8197916671875 0.4466911765625 0.821875 0.455882353125 0.8135416671875 0.4779411765625 0.809375 0.5202205875 0.7916666671875 0.6102941171875 0.796875 0.6286764703125 0.8072916671874999 0.63051470625 0.8135416671875 0.6231617640625 0.8208333328125 0.5459558828125 0.8354166671875 0.47426470624999995 0.8666666671875 0.4595588234375 0.8875 0.4393382359375 0.890625 0.398897059375 0.8854166671874999 0.37132352968750004 0.8677083328125 0.33823529375 0.8552083328125001 0.325367646875 0.8177083328125001 0.3216911765625 0.8 0.3345588234375 0.7947916671875 0.351102940625 0.7895833328124999 0.37867647031249996 0.790625 0.40257352968750004 0.8020833328125001 0.43382352968750004 0.8197916671875 0.4466911765625
8 0.6364583328125 0.27573529375 0.6520833328125 0.3033088234375 0.6729166671875 0.31801470625 0.6895833328125 0.31801470625 0.7125 0.2977941171875 0.71875 0.257352940625 0.7114583328124999 0.1911764703125 0.71875 0.18566176406249998 0.725 0.16176470625 0.7166666671875 0.12683823593750002 0.7072916671875 0.112132353125 0.6854166671875 0.101102940625 0.6614583328125 0.10294117656249999 0.653125 0.1102941171875 0.6458333328125 0.1286764703125 0.63125 0.137867646875 0.640909375 0.15159375 0.6401510421875 0.1622830875 0.6310604171875001 0.158273896875 0.6166666671875001 0.15808823593750002 0.6291666671875 0.20772058750000003 0.6364583328125 0.27573529375
8 0.7583333328124999 0.2830882359375 0.7802083328125 0.3106617640625 0.79375 0.31801470625 0.821875 0.3143382359375 0.834375 0.2977941171875 0.8416666671874999 0.2518382359375 0.8322916671874999 0.180147059375 0.8333333328125001 0.1452205875 0.8135416671875 0.106617646875 0.7854166671875 0.101102940625 0.7666666671875 0.106617646875 0.740625 0.143382353125 0.7354166671875 0.1599264703125 0.7364583328125 0.19301470625 0.7427083328124999 0.1966911765625 0.7510416671875 0.262867646875 0.7583333328124999 0.2830882359375
8 0.2510416671875 0.6323529406249999 0.30520833281250004 0.63051470625 0.30625 0.6102941171875 0.3145833328125 0.606617646875 0.325 0.5698529406249999 0.3458333328125 0.4044117640625 0.35208333281250004 0.3897058828125 0.3625 0.3860294125 0.3614583328125 0.3455882359375 0.35625 0.34742647031249996 0.33541666718749996 0.325367646875 0.3135416671875 0.3272058828125 0.2864583328125 0.34375 0.2708333328125 0.37132352968750004 0.2552083328125 0.382352940625 0.23020833281250003 0.4154411765625 0.21979166718749998 0.4889705875 0.21875 0.5661764703125 0.22916666718749998 0.6011029406249999 0.2427083328125 0.625 0.2510416671875 0.6323529406249999
2 0.10643958281250002 0.5761599265624999 0.121590625 0.5734889703125 0.10795416718749999 0.59620220625 0.15719687499999999 0.5881856625 0.1867427078125 0.54142095625 0.19280312500000002 0.5106875 0.2094697921875 0.4799558828125 0.228125 0.4154411765625 0.203125 0.3731617640625 0.1697916671875 0.34742647031249996 0.1510416671875 0.3419117640625 0.11875 0.40625 0.10729166718750001 0.4172794125 0.10833333281249999 0.424632353125 0.1 0.4466911765625 0.06770833281250001 0.5091911765625 0.065625 0.5202205875 0.08645833281250001 0.5459558828125 0.0996208328125 0.5734889703125 0.10643958281250002 0.5761599265624999
4 0.2760416671875 0.137867646875 0.2791666671875 0.13051470625 0.2770833328125 0.1084558828125 0.2677083328125 0.0955882359375 0.209375 0.148897059375 0.153125 0.226102940625 0.125 0.2904411765625 0.12291666718750001 0.305147059375 0.13333333281249998 0.31801470625 0.1583333328125 0.3143382359375 0.2760416671875 0.137867646875
10 0.31979166718749996 0.20588235312499997 0.3489583328125 0.20404411718749998 0.3739583328125 0.18566176406249998 0.38333333281250004 0.1470588234375 0.38333333281250004 0.11948529375000001 0.3739583328125 0.10294117656249999 0.35 0.0919117640625 0.3145833328125 0.106617646875 0.3020833328125 0.143382353125 0.3020833328125 0.163602940625 0.3083333328125 0.180147059375 0.3072916671875 0.20036764687500003 0.2947916671875 0.211397059375 0.24895833281250002 0.2977941171875 0.2520833328125 0.31617647031249996 0.2666666671875 0.3143382359375 0.2677083328125 0.3014705875 0.31979166718749996 0.20588235312499997
0 0.9989583328125 0.5604319859375 0.8814395828125001 0.11949632343750001 0.8344697921875 0.04467095625 0.14015104218750002 0.027071690625 0 0.5350441171875 0.0117427078125 0.8102959562500001 0.9935604171874999 0.8303382359375 0.9989583328125 0.5604319859375
7 0.43541666718750005 0.387867646875 0.478125 0.3841911765625 0.478125 0.34926470625 0.51875 0.0036764703125 0.478125 0 0.46875 0.012867646875 0.44895833281249997 0.08823529375 0.446875 0.14154411718749998 0.43854166718750004 0.1838235296875 0.3864583328125 0.3731617640625 0.43541666718750005 0.387867646875