5 0.5893937499999999 0.8276948531249999 0.6221593750000001 0.9963235296875 0.744696875 0.9981617640625 0.6863635421875001 0.830367646875 0.5893937499999999 0.8276948531249999
5 0.7742427078125 0.82635845625 0.6903406249999999 0.8358952203125 0.7469697921875 0.9981617640625 0.86439375 0.9981617640625 0.7742427078125 0.82635845625
5 0.3181822921875 0.8275404406250001 0.2507572921875 0.9981617640625 0.36666666718749996 0.9981617640625 0.3992427078125 0.8236856625 0.3181822921875 0.8275404406250001
4 0.2454541671875 0.9305808828125001 0.2989583328125 0.8602941171875 0.30520833281250004 0.8400735296875 0.30416666718749996 0.8235294124999999 0.2979166671875 0.8216911765624999 0.225 0.8786764703125 0.1708333328125 0.9356617640625 0.1302083328125 0.9926470593750001 0.128125 0.9981617640625 0.1666666671875 0.9981617640625 0.1901510421875 0.9826911765625 0.2454541671875 0.9305808828125001
2 0.42291666718750004 0.700367646875 0.42395833281249995 0.669117646875 0.4145833328125 0.6599264703125 0.409375 0.6397058828125 0.378125 0.643382353125 0.3760416671875 0.6801470593750001 0.38125 0.71323529375 0.40729166718750004 0.7113970593750001 0.42291666718750004 0.700367646875
2 0.63125 0.6727941171875 0.6083333328125 0.643382353125 0.59375 0.637867646875 0.5708333328124999 0.6415441171875 0.5697916671875001 0.669117646875 0.5989583328125 0.7169117640625 0.6322916671875001 0.705882353125 0.63125 0.6727941171875
0 0.20833333281250002 0.7640367640625 0.0636364578125 0.9981617640625 0.95 0.9981617640625 0.8075760421875 0.7475257359375 0.20833333281250002 0.7640367640625
6 0.32803020781250003 0.5711507359375 0.21969687499999999 0.744852940625 0.7757572921875 0.742180146875 0.665909375 0.56714154375 0.32803020781250003 0.5711507359375
5 0.3439395828125 0.5858492640625 0.34564374999999997 0.588569853125 0.31287916718750003 0.64998529375 0.3704541671875 0.6486488968749999 0.3954541671875 0.59520220625 0.3439395828125 0.5858492640625
5 0.317234375 0.6470588234375 0.2757572921875 0.7288180140625 0.3462125 0.7301544125 0.3719697921875 0.6486488968749999 0.317234375 0.6470588234375
5 0.40151562500000004 0.586898896875 0.3810604171875 0.640632353125 0.43257604218749995 0.6486488968749999 0.4492427078125 0.5898566171875 0.40151562500000004 0.586898896875
5 0.6060604171875 0.5911930140625 0.626515625 0.653992646875 0.6772729171874999 0.651321690625 0.6522729171874999 0.5925294125 0.6060604171875 0.5911930140625
5 0.6833333328125 0.6526562499999999 0.6316291671875 0.657086396875 0.6492427078125 0.7341636031250001 0.7212125 0.731490809375 0.6833333328125 0.6526562499999999