7 0.50625 0.7794117640625 0.54375 0.6801470593750001 0.5489583328125 0.6470588234375 0.5572916671875 0.63051470625 0.5541666671875001 0.6102941171875 0.55 0.6084558828125 0.5364583328125 0.625 0.4770833328125 0.7610294125 0.47291666718750003 0.7794117640625 0.48125 0.7886029406249999 0.49895833281249996 0.7904411765625 0.50625 0.7794117640625
7 0.490625 0.9264705875000001 0.43541666718750005 0.924632353125 0.425 0.950367646875 0.425 0.96323529375 0.41979166718750005 0.9650735296875 0.4145833328125 0.981617646875 0.4114583328125 0.9981617640625 0.475 0.9981617640625 0.48229166718750005 0.94301470625 0.490625 0.9264705875000001
4 0.5927083328125 0.6286764703125 0.6020833328124999 0.606617646875 0.6 0.58823529375 0.5833333328125 0.58823529375 0.575 0.6102941171875 0.5604166671875 0.625 0.5635416671875 0.6488970593750001 0.5927083328125 0.6286764703125
2 0.6666666671875 0.6268382359375 0.6677083328125 0.606617646875 0.646875 0.5863970593750001 0.6385416671875 0.580882353125 0.6125 0.5863970593750001 0.6114583328125 0.606617646875 0.6375 0.637867646875 0.6572916671875 0.6360294125 0.6666666671875 0.6268382359375
10 0.3416666671875 0.68198529375 0.3697916671875 0.6525735296875 0.3635416671875 0.6470588234375 0.33541666718749996 0.6727941171875 0.30520833281250004 0.6783088234375 0.28125 0.7022058828125 0.27395833281250004 0.7334558828125 0.31979166718749996 0.7334558828125 0.334375 0.71323529375 0.3416666671875 0.68198529375
10 0.42291666718750004 0.6397058828125 0.4291666671875 0.6084558828125 0.440625 0.6029411765625 0.4427083328125 0.5900735296875 0.4322916671875 0.5919117640625 0.4135416671875 0.612132353125 0.390625 0.6139705875 0.38229166718749996 0.625 0.3802083328125 0.6397058828125 0.3854166671875 0.6488970593750001 0.4114583328125 0.6488970593750001 0.42291666718750004 0.6397058828125
10 0.3645833328125 0.6415441171875 0.36875 0.6158088234375 0.3760416671875 0.6084558828125 0.3919114578125 0.5874632359375 0.353065625 0.6041121328125 0.321875 0.6268382359375 0.31979166718749996 0.6397058828125 0.3239583328125 0.6488970593750001 0.3572916671875 0.6488970593750001 0.3645833328125 0.6415441171875
5 0.376878125 0.65282904375 0.348446875 0.7302867640625 0.4188645828125 0.7349503671875001 0.4327489578125 0.6509871328125 0.376878125 0.65282904375
5 0.6195354171874999 0.6486544125 0.5669708328125 0.6520992640625 0.5782114578125 0.7337849265624999 0.6466447921875 0.7291194859375 0.6195354171874999 0.6486544125
5 0.681171875 0.6540661765625 0.6258385421875 0.6551893375 0.6493708328125 0.732632353125 0.718696875 0.7303878671875 0.681171875 0.6540661765625
0 0.1984364578125 0.7842628671874999 0.0394333328125 0.9981617640625 0.9425739578125001 0.99639154375 0.7689416671875 0.7786507359375 0.1984364578125 0.7842628671874999
6 0.3288197921875 0.5799889703125001 0.2162447921875 0.7674264703125 0.7676697921875 0.7640606625 0.662728125 0.5777444859374999 0.3288197921875 0.5799889703125001