5 0.7689395828125 0.78226470625 0.7083333328125 0.51236029375 0.6136364578125 0.5033419125 0.6424239578125001 0.7715753671875001 0.6348489578125001 0.780928309375 0.7689395828125 0.78226470625
5 0.81439375 0.50701470625 0.717803125 0.5066838234375 0.7863635421875 0.77692095625 0.915909375 0.78226470625 0.81439375 0.50701470625
5 0.5893937499999999 0.34132904375 0.6113635421875 0.49231617656250004 0.7060604171875 0.5030055140624999 0.6727270828125 0.33598529374999997 0.5893937499999999 0.34132904375
5 0.76060625 0.342665440625 0.6795458328125 0.33999448593750003 0.7159093750000001 0.511023896875 0.8075760421875 0.4976617640625 0.76060625 0.342665440625
5 0.3238635421875 0.3362297796875 0.2833333328125 0.50701470625 0.3825760421875 0.5016691171875001 0.4060604171875 0.337321690625 0.3238635421875 0.3362297796875
5 0.280303125 0.515040440625 0.22121249999999998 0.7648952203125 0.3462125 0.780928309375 0.38333333281250004 0.508351103125 0.280303125 0.515040440625
5 0.1761364578125 0.5033419125 0.0772729171875 0.778257353125 0.20833333281250002 0.7742481625 0.276515625 0.5043419124999999 0.1761364578125 0.5033419125
5 0.24090937499999998 0.34132904375 0.1757572921875 0.49899816250000006 0.28181770781250004 0.505678309375 0.315909375 0.337321690625 0.24090937499999998 0.34132904375
5 0.6269375 0.157805146875 0.5703114578124999 0.1563180140625 0.5775916671875 0.2455514703125 0.6443302078124999 0.2476911765625 0.650396875 0.2476911765625 0.6269375 0.157805146875
5 0.6321958328124999 0.1592316171875 0.6508020828125 0.24626470625 0.7256302078125 0.2455514703125 0.6912489578125001 0.155663603125 0.6321958328124999 0.1592316171875
5 0.3670322921875 0.1580588234375 0.347778125 0.2509099265625 0.4151677078125 0.2509099265625 0.4254822921875 0.159946690625 0.3670322921875 0.1580588234375
5 0.30514375 0.157522059375 0.2742 0.23878125 0.347778125 0.249696690625 0.3656572921875 0.15509558750000002 0.30514375 0.157522059375
5 0.3862864578125 0.09202941249999999 0.3684072921875 0.157522059375 0.42892083281250004 0.15873529375 0.43786041718749996 0.08838970625 0.3862864578125 0.09202941249999999
7 0.4364854171875 0.5723106625 0.45625 0.59375 0.4760416671875 0.59926470625 0.48229166718750005 0.549632353125 0.48125 0.4485294125 0.496875 0.4080882359375 0.49375 0.3970588234375 0.50625 0.2904411765625 0.54375 0.194852940625 0.5520833328125 0.15441176406249998 0.5583333328125 0.143382353125 0.55625 0.12683823593750002 0.5489583328125 0.12316176406249998 0.534375 0.1470588234375 0.4739583328125 0.27757352968750004 0.45520833281249995 0.34007352968750004 0.45520833281249995 0.3717830875 0.440625 0.419117646875 0.3986645828125 0.5541194859374999 0.4364854171875 0.5723106625
4 0.5682343750000001 0.15486764687500001 0.5755260421874999 0.1530294125 0.5942760421875 0.1383235296875 0.6046927078125 0.12361764687500001 0.611984375 0.10707352968749999 0.6130260421875 0.10339705937500002 0.6130260421875 0.0831764703125 0.611984375 0.0813382359375 0.605734375 0.0776617640625 0.593234375 0.0813382359375 0.5880260421875 0.1015588234375 0.565109375 0.13097058749999999 0.565109375 0.14751470625000002 0.5682343750000001 0.15486764687500001
2 0.646875 0.137867646875 0.6510416671875 0.14154411718749998 0.6729166671875 0.13970588281250002 0.6791666671875001 0.1360294125 0.6822916671875 0.13051470625 0.6854166671875 0.106617646875 0.6645833328124999 0.0790441171875 0.6572916671875 0.0735294125 0.6510416671875 0.0735294125 0.63125 0.075367646875 0.6270833328125 0.080882353125 0.6270833328125 0.08823529375 0.6239583328125 0.101102940625 0.625 0.106617646875 0.646875 0.137867646875
10 0.34375 0.1525735296875 0.353125 0.137867646875 0.35625 0.11580882343750001 0.3760416671875 0.0955882359375 0.378125 0.0845588234375 0.3697916671875 0.0790441171875 0.3416666671875 0.1102941171875 0.31979166718749996 0.1084558828125 0.30520833281250004 0.125 0.30416666718749996 0.13970588281250002 0.3083333328125 0.1525735296875 0.3177083328125 0.15808823593750002 0.34375 0.1525735296875
0 0.9989583328125 0.78761029375 0.8060604171874999 0.2959007359375 0.2017041671875 0.2710569859375 0.0022729171875 0.780928309375 0.01439375 0.9452775734375001 0.984090625 0.9506231625 0.9989583328125 0.78761029375
6 0.301515625 0.055389706250000004 0.20984895781250001 0.2691764703125 0.7621208328125 0.2584871328125 0.690909375 0.062069853125 0.301515625 0.055389706250000004