5 0.6128791671875 0.24512499999999998 0.519696875 0.3025808828125 0.5810604171875 0.544428309375 0.6916666671875 0.4762830875 0.6128791671875 0.24512499999999998
5 0.7007572921875 0.20254044062499998 0.6181822921875 0.2518069859375 0.6954541671875 0.47494669062500006 0.7931822921875 0.41348345625 0.7007572921875 0.20254044062499998
5 0.17992395781249998 0.4782757359375 0.176515625 0.778257353125 0.31439374999999997 0.6994227937499999 0.2954541671875 0.41615441249999996 0.17992395781249998 0.4782757359375
5 0.050757292187500004 0.538990809375 0.0204541671875 0.8771341906250001 0.180303125 0.77959375 0.175 0.48020036718750003 0.050757292187500004 0.538990809375
5 0.1770833328125 0.2610294125 0.1772729171875 0.46264705937499995 0.2916666671875 0.4092003671875 0.276515625 0.21946507343750002 0.1770833328125 0.2610294125
7 0.40625 0.4577205875 0.39791666718749996 0.3860294125 0.3802083328125 0.30882352968750004 0.3885416671875 0.2665441171875 0.3875 0.2481617640625 0.378125 0.23897058750000003 0.3791666671875 0.0900735296875 0.38125 0.0588235296875 0.3885416671875 0.03125 0.384375 0.0036764703125 0.3635416671875 0.007352940625 0.3447916671875 0.0845588234375 0.33125 0.180147059375 0.3385416671875 0.23529411718749998 0.3166666671875 0.43198529375000005 0.315625 0.46139705937500003 0.325 0.46875 0.3802083328125 0.4669117640625 0.40625 0.4577205875
8 0.5489583328125 0.2794117640625 0.5677083328125 0.2720588234375 0.58125 0.2518382359375 0.58125 0.21507352968750001 0.575 0.18566176406249998 0.571875 0.12683823593750002 0.5520833328125 0.101102940625 0.5291666671875 0.101102940625 0.5145833328125 0.1102941171875 0.5010416671875 0.1452205875 0.49375 0.15073529375 0.4992427078125 0.1568474265625 0.4939395828125 0.175553309375 0.4875 0.17279411718749998 0.5208333328125 0.262867646875 0.5489583328125 0.2794117640625
8 0.6552083328125 0.2279411765625 0.6697916671875 0.21323529375 0.6729166671875 0.20036764687500003 0.6708333328125 0.1654411765625 0.6614583328125 0.148897059375 0.665625 0.137867646875 0.653125 0.0919117640625 0.6385416671875 0.06801470625 0.60625 0.06801470625 0.5979166671875 0.075367646875 0.5854166671875001 0.1139705875 0.5864583328124999 0.1452205875 0.615625 0.21323529375 0.6416666671875 0.22977941249999997 0.6552083328125 0.2279411765625
4 0.0863635421875 0.5215294125 0.09895833281250001 0.4779411765625 0.1020833328125 0.46139705937500003 0.11041666718750001 0.4540441171875 0.159375 0.3327205875 0.1708333328125 0.2977941171875 0.1666666671875 0.294117646875 0.165625 0.27757352968750004 0.1572916671875 0.273897059375 0.1458333328125 0.28492647031249996 0.10833333281249999 0.34007352968750004 0.06770833281250001 0.4356617640625 0.0645833328125 0.450367646875 0.0439395828125 0.5135128671875 0.0674239578125 0.526875 0.0863635421875 0.5215294125
0 0.6386364578125 0 0.0246208328125 0.25768749999999996 0 0.9981617640625 0.9181822921875 0.476101103125 0.6386364578125 0
8 0.14375 0.15808823593750002 0.1625 0.1452205875 0.1697916671875 0.13051470625 0.175 0.09926470625 0.1677083328125 0.08823529375 0.16875 0.0716911765625 0.1770833328125 0.055147059374999995 0.178125 0.0422794125 0.1739583328125 0.03125 0.1572916671875 0.02573529375 0.1260416671875 0.0349264703125 0.11145833281249999 0.06801470625 0.0947916671875 0.0827205875 0.09375 0.09926470625 0.11041666718750001 0.1525735296875 0.125 0.16176470625 0.14375 0.15808823593750002