7 0.478125 0.5900735296875 0.48020833281249997 0.44485294062499997 0.49583333281249997 0.40625 0.484375 0.3841911765625 0.48229166718750005 0.367647059375 0.49791666718750005 0.3419117640625 0.5041666671875 0.294117646875 0.5447916671875 0.19301470625 0.559375 0.143382353125 0.5572916671875 0.125 0.5520833328125 0.11948529375000001 0.540625 0.1341911765625 0.4739583328125 0.27573529375 0.45416666718750004 0.34007352968750004 0.45416666718750004 0.38051470625 0.396875 0.5477941171875 0.3958333328125 0.55698529375 0.40208333281249997 0.5661764703125 0.47083333281249995 0.5955882359375 0.478125 0.5900735296875
8 0.771875 0.5036764703125 0.7833333328125 0.49264705937500003 0.7875 0.47242647031249996 0.7770833328125 0.375 0.765625 0.3602941171875 0.759375 0.3419117640625 0.7291666671875 0.3345588234375 0.7166666671875 0.33823529375 0.6989583328125 0.36948529375 0.6979166671875 0.3970588234375 0.721875 0.47426470624999995 0.746875 0.5018382359375 0.771875 0.5036764703125
8 0.40625 0.15441176406249998 0.425 0.15073529375 0.43854166718750004 0.1102941171875 0.4318177078125 0.0859393375 0.40729166718750004 0.0772058828125 0.3885416671875 0.0919117640625 0.38333333281250004 0.10294117656249999 0.38125 0.11948529375000001 0.3864583328125 0.13970588281250002 0.39895833281250004 0.14154411718749998 0.40625 0.15441176406249998
2 0.41875 0.21875 0.4145833328125 0.20036764687500003 0.41979166718750005 0.19301470625 0.4010416671875 0.143382353125 0.3697916671875 0.1452205875 0.36666666718749996 0.169117646875 0.3770833328125 0.2279411765625 0.4 0.2279411765625 0.41875 0.21875
4 0.6898677078125 0.7394724265625 0.6825760421875 0.72476654375 0.7181822921875 0.61560845625 0.7189395828125 0.5862132359375 0.7232010421874999 0.5538106625 0.7232010421874999 0.5335900734375 0.7117427078125 0.5041783093750001 0.694034375 0.5225606625 0.6700760421874999 0.5630018375 0.6523677078125 0.6071194859375 0.6377843750000001 0.6659430140625 0.6377843750000001 0.7652077203125 0.6492427078125 0.7762371328125 0.687784375 0.76153125 0.6898677078125 0.7394724265625
5 0.1761364578125 0.5085919125 0.0795458328125 0.778492646875 0.21287916718750002 0.7880294125 0.2787875 0.508586396875 0.1761364578125 0.5085919125
8 0.2864583328125 0.77573529375 0.3104166671875 0.7610294125 0.3270833328125 0.7389705875 0.33645833281250004 0.7113970593750001 0.3416666671875 0.6672794125 0.33125 0.6397058828125 0.3739583328125 0.5900735296875 0.38125 0.5551470593750001 0.378125 0.5330882359375 0.3572916671875 0.5091911765625 0.315625 0.5202205875 0.2604166671875 0.58823529375 0.24479166718749998 0.66176470625 0.240625 0.72426470625 0.25833333281250004 0.7665441171875 0.2697916671875 0.77573529375 0.2864583328125 0.77573529375
4 0.215625 0.493148896875 0.24356041718750002 0.46349264687499997 0.2594697921875 0.44745772031250003 0.2844697921875 0.42073529374999996 0.3145833328125 0.362634190625 0.3145833328125 0.331384190625 0.3020833328125 0.3350606625 0.2541666671875 0.373663603125 0.225 0.4067518375 0.1770833328125 0.4821194859375 0.1760416671875 0.4913106625 0.1833333328125 0.5023400734375 0.20625 0.5005018375 0.215625 0.493148896875
10 0.303125 0.487132353125 0.30625 0.46323529375000005 0.3177083328125 0.43014705937500003 0.3385416671875 0.3952205875 0.346875 0.387867646875 0.3625 0.398897059375 0.3864583328125 0.3841911765625 0.3927083328125 0.3584558828125 0.39791666718749996 0.3529411765625 0.4 0.336397059375 0.396875 0.3216911765625 0.3802083328125 0.30698529375 0.359375 0.30882352968750004 0.3427083328125 0.319852940625 0.3322916671875 0.34007352968750004 0.33541666718749996 0.382352940625 0.3114583328125 0.4080882359375 0.2979166671875 0.43198529375000005 0.28854166718749996 0.4356617640625 0.2822916671875 0.4577205875 0.2854166671875 0.47426470624999995 0.290625 0.487132353125 0.303125 0.487132353125
10 0.7739583328124999 0.7647058828125 0.7791666671875 0.77573529375 0.7885416671875001 0.7775735296875 0.7927083328125 0.7702205875 0.7958333328125 0.7352941171875 0.7979166671875 0.6709558828125 0.8083333328125001 0.6268382359375 0.8291666671875 0.6231617640625 0.846875 0.606617646875 0.8458333328125001 0.5716911765625 0.8302083328125001 0.5330882359375 0.80625 0.5073529406249999 0.771875 0.5018382359375 0.759375 0.512867646875 0.7541666671875 0.5275735296875 0.7520833328125 0.5588235296875 0.7552083328125 0.5698529406249999 0.7864583328125 0.6176470593750001 0.7739583328124999 0.7647058828125
8 0.6 0.399398896875 0.6020833328124999 0.41778125 0.6104166671875 0.4600606625 0.6260416671875 0.48579595624999994 0.6416666671875 0.5005018375 0.6635416671875001 0.5023400734375 0.6822916671875 0.48395772031249995 0.6875 0.4637371328125 0.684375 0.430648896875 0.678125 0.41226654375000005 0.684375 0.39204595625 0.6854166671875 0.3699871328125 0.66875 0.3387371328125 0.634375 0.3350606625 0.6125 0.362634190625 0.6193177078125001 0.3806507359375 0.628409375 0.369961396875 0.6185604171875 0.3900036765625 0.6 0.3773400734375 0.6041666671875 0.3883694859375 0.6 0.399398896875
8 0.340625 0.23713235312499997 0.35104166718749996 0.21507352968750001 0.35208333281250004 0.19301470625 0.3604166671875 0.1838235296875 0.3635416671875 0.15808823593750002 0.321875 0.15625 0.2947916671875 0.180147059375 0.29375 0.23345588281250002 0.30625 0.24632352968750001 0.328125 0.24632352968750001 0.340625 0.23713235312499997
5 0.3304927078125 0.08388970625 0.2988635421875 0.1588455875 0.360984375 0.1588455875 0.3799239578125 0.0826838234375 0.3304927078125 0.08388970625
2 0.6364583328125 0.21507352968750001 0.6395833328125 0.1875 0.615625 0.1470588234375 0.5875 0.1452205875 0.5760416671875 0.15625 0.575 0.1783088234375 0.5989583328125 0.226102940625 0.6125 0.2279411765625 0.6364583328125 0.21507352968750001
4 0.6135416671875 0.1047794125 0.6135416671875 0.0827205875 0.5958333328125 0.0790441171875 0.5791666671875 0.11580882343750001 0.5686427078125 0.128915440625 0.5645833328125 0.15073529375 0.575 0.15441176406249998 0.603125 0.1286764703125 0.6135416671875 0.1047794125
10 0.6726322921875 0.137867646875 0.6674239578125001 0.10294117656249999 0.6695072921875 0.0827205875 0.6632572921875 0.080882353125 0.6507572921875 0.106617646875 0.6236739578125 0.11948529375000001 0.624715625 0.14154411718749998 0.6330489578125 0.1525735296875 0.6642989578125 0.15441176406249998 0.6726322921875 0.137867646875
10 0.7010416671875 0.22977941249999997 0.7010416671875 0.2169117640625 0.6875 0.180147059375 0.6927083328125 0.169117646875 0.690625 0.148897059375 0.684375 0.15441176406249998 0.6802083328124999 0.17279411718749998 0.6416666671875 0.20220588281250002 0.64375 0.22426470625 0.6572916671875 0.24448529375 0.6875 0.24632352968750001 0.7010416671875 0.22977941249999997
0 0.815984375 0.351038603125 0.76148125 0.28428308750000003 0.2157010421875 0.2749375 0.2155489578125 0.276272059375 0.0060177078125 0.76759375 0.0022333328124999998 0.9344834562500001 0.9989583328125 0.9144558828125 0.815984375 0.351038603125
6 0.3101333328125 0.05998529375 0.2353822921875 0.23955698593750002 0.7698083328124999 0.2582481625 0.6986520828125 0.055310662499999996 0.3101333328125 0.05998529375