5 0.3133708328125 0.8315018375 0.2212729171875 0.8300863968750001 0.132003125 0.9981617640625 0.25117500000000004 0.9981617640625 0.3133708328125 0.8315018375
5 0.40166250000000003 0.8284338234374999 0.310978125 0.8320036765625 0.2507395828125 0.9979834562500001 0.36947708281249997 0.9981617640625 0.40166250000000003 0.8284338234374999
5 0.6865447921875 0.8307352937499999 0.5964041671875 0.834882353125 0.6221739578125 0.9956819859375001 0.7400416671875 0.9981617640625 0.6865447921875 0.8307352937499999
5 0.3468604171875 0.5921507359375 0.31684999999999997 0.6510441171875 0.3768708328125 0.6533455874999999 0.3981822921875 0.5927371328125 0.3468604171875 0.5921507359375
5 0.4451552078125 0.5981066171875 0.397421875 0.5959889703125001 0.377740625 0.6518106625 0.43254270781250004 0.6525790437500001 0.4451552078125 0.5981066171875
5 0.3158708328125 0.64779595625 0.2716166671875 0.73620404375 0.3490354171875 0.73620404375 0.3781760421875 0.6502775734374999 0.3158708328125 0.64779595625
5 0.43689166718749994 0.655647059375 0.3764364578125 0.6541121328124999 0.3477302078125 0.7346691171875 0.4207989578125 0.7369705875 0.43689166718749994 0.655647059375
5 0.5501927078125 0.603663603125 0.5604135421875001 0.655647059375 0.6217395828125001 0.6487426468749999 0.60608125 0.595805146875 0.5501927078125 0.603663603125
5 0.561065625 0.6564319859375 0.5760708328125 0.7354356625 0.6508802078125 0.7354356625 0.62304375 0.6502775734374999 0.561065625 0.6564319859375
5 0.6852395828125 0.655647059375 0.62413125 0.653553309375 0.650009375 0.7354356625 0.7243833328125 0.7315992640625 0.6852395828125 0.655647059375
2 0.671875 0.606617646875 0.6666666671875 0.5955882359375 0.6385416671875 0.5790441171875 0.6135416671875 0.580882353125 0.6114583328125 0.5863970593750001 0.6104166671875 0.606617646875 0.6375 0.6397058828125 0.6697916671875 0.6341911765625 0.671875 0.606617646875
1 0.790625 0.9981617640625 0.865625 0.9981617640625 0.8864583328125001 0.8511029406249999 0.8833333328125 0.8161764703125 0.8697916671874999 0.78676470625 0.8729166671874999 0.7518382359375 0.8604166671875 0.7389705875 0.84375 0.7389705875 0.8322916671874999 0.7610294125 0.8135416671875 0.75551470625 0.8020833328125001 0.768382353125 0.7916666671875 0.8033088234375001 0.7875 0.8676470593750001 0.7791666671875 0.919117646875 0.7791666671875 0.9485294124999999 0.790625 0.9981617640625
7 0.478125 0.9595588234375001 0.49583333281249997 0.9136029406249999 0.49375 0.8988970593750001 0.4875 0.8915441171875 0.484375 0.856617646875 0.49791666718750005 0.8363970593750001 0.5041666671875 0.7830882359375 0.5427083328125 0.6838235296875 0.5458333328125 0.6636029406249999 0.5416666671875 0.6544117640625 0.5302083328125 0.6525735296875 0.5208333328125 0.6654411765625 0.45625 0.8125 0.45 0.8768382359375 0.40833333281249995 0.9981617640625 0.4770833328125 0.9981617640625 0.478125 0.9595588234375001
0 0.7794 0.7755827203125001 0.2064708328125 0.7772463234375 0.022015625 0.9981617640625 0.954015625 0.9981617640625 0.7794 0.7755827203125001
6 0.3292447921875 0.5757003671875001 0.2093739578125 0.7779889703125 0.7941 0.7704963234375 0.667621875 0.5740349265625 0.3292447921875 0.5757003671875001