4 0.6895833328125 0.762867646875 0.7052083328125 0.6470588234375 0.721875 0.5772058828125 0.7260416671875001 0.575367646875 0.7239583328125 0.5349264703125 0.7145833328125 0.5091911765625 0.6947916671875001 0.5165441171875 0.665625 0.5533088234375 0.6364583328125 0.6654411765625 0.6333333328124999 0.700367646875 0.6395833328125 0.7720588234375 0.65625 0.7794117640625 0.6895833328125 0.762867646875
5 0.6734854171875 0.337321690625 0.5899625000000001 0.33957169062500003 0.6037874999999999 0.508351103125 0.7121208328125 0.5003345593749999 0.6734854171875 0.337321690625
5 0.6742427078125 0.3345588234375 0.7151520828125 0.511023896875 0.75681875 0.337321690625 0.6742427078125 0.3345588234375
5 0.9121208328125 0.7849375000000001 0.817234375 0.5116985296875 0.7136364578125 0.511023896875 0.7795458328125 0.775584559375 0.9121208328125 0.7849375000000001
7 0.40416666718750005 0.5698529406249999 0.42395833281249995 0.580882353125 0.4739583328125 0.6011029406249999 0.478125 0.5974264703125 0.48125 0.52573529375 0.4791666671875 0.455882353125 0.49583333281249997 0.40992647031249996 0.50625 0.2904411765625 0.5458333328125 0.1911764703125 0.5489583328125 0.163602940625 0.559375 0.14154411718749998 0.559375 0.12683823593750002 0.5479166671875 0.125 0.5333333328125 0.15073529375 0.475 0.27757352968750004 0.45729166718750003 0.3290441171875 0.45520833281249995 0.38051470625 0.44375 0.4044117640625 0.396875 0.5588235296875 0.40416666718750005 0.5698529406249999
8 0.290625 0.77573529375 0.31875 0.7536764703125 0.3416666671875 0.7150735296875 0.34375 0.700367646875 0.3447916671875 0.6672794125 0.3322916671875 0.6397058828125 0.3739583328125 0.5919117640625 0.38229166718749996 0.5588235296875 0.378125 0.5294117640625 0.35625 0.5073529406249999 0.3166666671875 0.5202205875 0.2979166671875 0.5514705875 0.259375 0.5900735296875 0.2520833328125 0.6213235296875 0.2520833328125 0.6488970593750001 0.2427083328125 0.6838235296875 0.2416666671875 0.72426470625 0.2510416671875 0.75551470625 0.2677083328125 0.77573529375 0.290625 0.77573529375
2 0.1552083328125 0.7150735296875 0.2479166671875 0.5588235296875 0.2416666671875 0.5477941171875 0.1989583328125 0.5220588234375 0.1583333328125 0.5735294125 0.1052083328125 0.6636029406249999 0.103125 0.6709558828125 0.1125 0.6856617640625 0.14791666718750002 0.7150735296875 0.1552083328125 0.7150735296875
4 0.21875 0.49264705937500003 0.278125 0.40625 0.2822916671875 0.4080882359375 0.2833333328125 0.40073529375000005 0.3135416671875 0.3658088234375 0.3177083328125 0.3529411765625 0.3166666671875 0.33823529375 0.3135416671875 0.330882353125 0.30520833281250004 0.3345588234375 0.2552083328125 0.375 0.21979166718749998 0.41360294062499997 0.2166666671875 0.4264705875 0.20416666718749998 0.4375 0.1770833328125 0.4834558828125 0.1760416671875 0.49264705937500003 0.184375 0.5036764703125 0.20833333281250002 0.5018382359375 0.21875 0.49264705937500003
2 0.415625 0.24448529375 0.42291666718750004 0.2169117640625 0.41875 0.21507352968750001 0.41770833281249997 0.18198529375 0.403125 0.1470588234375 0.4 0.14154411718749998 0.36875 0.1452205875 0.365625 0.17095588281250002 0.3729166671875 0.2279411765625 0.38333333281250004 0.242647059375 0.415625 0.24448529375
2 0.6364583328125 0.2169117640625 0.6395833328125 0.1838235296875 0.6270833328125 0.15808823593750002 0.6125 0.14154411718749998 0.590625 0.13970588281250002 0.5802083328125 0.1452205875 0.575 0.15808823593750002 0.5770833328125 0.18566176406249998 0.5989583328125 0.226102940625 0.609375 0.22977941249999997 0.6364583328125 0.2169117640625
4 0.5739583328125 0.15441176406249998 0.590625 0.13970588281250002 0.5947916671875 0.13970588281250002 0.5989583328125 0.132352940625 0.6020833328124999 0.13051470625 0.6145833328125 0.1047794125 0.6135416671875 0.0827205875 0.609375 0.0772058828125 0.6020833328124999 0.0772058828125 0.59375 0.080882353125 0.584375 0.106617646875 0.5770833328125 0.11948529375000001 0.565625 0.132352940625 0.5645833328125 0.14154411718749998 0.565625 0.148897059375 0.5697916671875001 0.15441176406249998 0.5739583328125 0.15441176406249998
5 0.3248260421875 0.33601470624999996 0.284246875 0.5149099265625 0.38023125 0.503898896875 0.40364270781249995 0.33736029375 0.3248260421875 0.33601470624999996
5 0.6943333328125 0.1555 0.6322541671875 0.15734375 0.65266875 0.2458878671875 0.7247479171875 0.2422132359375 0.6943333328125 0.1555
5 0.6187125 0.0874944859375 0.6339197921874999 0.15403125 0.6964166671875 0.1525606625 0.6689177078124999 0.093038603125 0.6187125 0.0874944859375
5 0.304253125 0.154477940625 0.269284375 0.2465569859375 0.3479645828125 0.24331066250000002 0.36544895781250003 0.15728860312499998 0.304253125 0.154477940625
5 0.33186041718750003 0.0818161765625 0.3295604171875 0.08262683750000001 0.30609375 0.1467371328125 0.365909375 0.15728860312499998 0.379253125 0.089930146875 0.33186041718750003 0.0818161765625
5 0.4289458328125 0.15891176406250002 0.43584791718749993 0.089930146875 0.38592499999999996 0.084444853125 0.3705104171875 0.14024632343750001 0.4054791671875 0.1361875 0.4128416671875 0.156476103125 0.4289458328125 0.15891176406250002
0 0.9881947921875 0.931711396875 0.9923614578125 0.7712077203125001 0.8152802078124999 0.35340808749999997 0.787503125 0.34728125 0.7666697921875001 0.283569853125 0.21443333281250002 0.281040440625 0.000596875 0.7711305140625 0.0232947921875 0.9344227937499999 0.7233375 0.9196746328125001 0.9881947921875 0.931711396875
6 0.304409375 0.0535643375 0.2194520828125 0.2676433828125 0.75278125 0.2651911765625 0.6895864578124999 0.05445404375 0.304409375 0.0535643375