8 0.775 0.5018382359375 0.7864583328125 0.487132353125 0.7895833328124999 0.4779411765625 0.7791666671875 0.4154411765625 0.778125 0.3768382359375 0.7614583328125 0.3455882359375 0.746875 0.33823529375 0.7197916671875 0.33823529375 0.696875 0.3731617640625 0.696875 0.4044117640625 0.7197916671875 0.47426470624999995 0.7458333328125 0.5018382359375 0.775 0.5018382359375
7 0.4375 0.5588235296875 0.4479166671875 0.575367646875 0.45 0.59375 0.4760416671875 0.6029411765625 0.48020833281249997 0.5955882359375 0.4791666671875 0.5772058828125 0.48333333281249996 0.5735294125 0.484375 0.4485294125 0.49583333281249997 0.4154411765625 0.49583333281249997 0.40257352968750004 0.48541666718750004 0.37867647031249996 0.5 0.34007352968750004 0.49895833281249996 0.325367646875 0.50625 0.2904411765625 0.5447916671875 0.19301470625 0.559375 0.14154411718749998 0.559375 0.1286764703125 0.5479166671875 0.125 0.4739583328125 0.2794117640625 0.45520833281249995 0.3419117640625 0.45520833281249995 0.382352940625 0.43958333281249995 0.419117646875 0.4291666671875 0.46507352968750004 0.4060604171875 0.5183731625 0.3977270828125 0.5384172796875 0.39621249999999997 0.5477702203125 0.4375 0.5588235296875
5 0.7128791671875 0.5023400734375 0.6098489578125 0.5066838234375 0.6454541671875 0.7856084562500001 0.7787875 0.7856084562500001 0.7128791671875 0.5023400734375
5 0.8234843749999999 0.5090202203125 0.719696875 0.5076838234375 0.775 0.7856084562500001 0.9068177078125 0.7802628671875 0.8234843749999999 0.5090202203125
5 0.5893937499999999 0.33398345625000003 0.6121208328125001 0.5116930140625 0.7068177078125 0.5010036765625 0.6727270828125 0.33398345625000003 0.5893937499999999 0.33398345625000003
5 0.3272729171875 0.34199999999999997 0.2848489578125 0.5036764703125 0.38560625000000004 0.514365809375 0.40681770781250004 0.33799080937500003 0.3272729171875 0.34199999999999997
5 0.23863645781249998 0.3328878671875 0.1742427078125 0.5023400734375 0.280303125 0.5050128671875 0.319696875 0.33799080937500003 0.23863645781249998 0.3328878671875
5 0.282196875 0.5033419125 0.2181822921875 0.7802628671875 0.3507572921875 0.7789264703125001 0.3863635421875 0.5116930140625 0.282196875 0.5033419125
5 0.1742427078125 0.515040440625 0.073484375 0.7869430140625 0.21969687499999999 0.7655643375000001 0.28181770781250004 0.5050128671875 0.1742427078125 0.515040440625
5 0.628328125 0.16129779375 0.56929375 0.15877389687500001 0.573275 0.2503713234375 0.6465270828125 0.2415441171875 0.628328125 0.16129779375
5 0.6902052078125 0.15327389687499998 0.6329916671875 0.15777022031250001 0.650621875 0.24314889687500002 0.7279687499999999 0.24314889687500002 0.7079500000000001 0.18858088281250002 0.6902052078125 0.15327389687499998
5 0.6142239578125 0.076476103125 0.630603125 0.1548786765625 0.6938447921875001 0.155680146875 0.6679114578124999 0.0802481625 0.6142239578125 0.076476103125
5 0.5596260421875 0.08751654375 0.5687249999999999 0.15648345624999999 0.6255979171875 0.150865809375 0.6124031249999999 0.08987867656250001 0.5596260421875 0.08751654375
5 0.36853437499999997 0.15648345624999999 0.3466947921875 0.24876654375 0.41949166718750003 0.25197610312499996 0.4295010421875 0.15888970625 0.36853437499999997 0.15648345624999999
5 0.32986041718750003 0.0845055140625 0.30847708281249997 0.15006250000000002 0.3689895828125 0.1596930140625 0.3812739578125 0.0890753671875 0.32986041718750003 0.0845055140625