10 0.634375 0.7150735296875 0.634375 0.762867646875 0.6395833328125 0.77573529375 0.6520833328125 0.7794117640625 0.6541666671875 0.7738970593750001 0.6489583328124999 0.75551470625 0.6416666671875 0.7463235296875 0.659375 0.66176470625 0.675 0.65073529375 0.6739583328125 0.6323529406249999 0.6802083328124999 0.6176470593750001 0.69375 0.6268382359375 0.715625 0.6139705875 0.7270833328124999 0.5919117640625 0.728125 0.5772058828125 0.7197916671875 0.53676470625 0.696875 0.5073529406249999 0.6770833328125 0.5018382359375 0.6541666671875 0.5073529406249999 0.6427083328125 0.5220588234375 0.6385416671875 0.5514705875 0.6427083328125 0.5827205875 0.6635416671875001 0.6158088234375 0.6447916671875 0.700367646875 0.634375 0.7150735296875
2 0.7791666671875 0.7095588234375 0.840625 0.7481617640625 0.8697916671874999 0.7150735296875 0.871875 0.6654411765625 0.8645833328125001 0.6452205875 0.859375 0.5661764703125 0.853125 0.5514705875 0.8291666671875 0.53125 0.8166666671874999 0.5330882359375 0.790625 0.518382353125 0.7760416671875 0.544117646875 0.771875 0.5735294125 0.7677083328125 0.6525735296875 0.7708333328125 0.65625 0.771875 0.6966911765625 0.7791666671875 0.7095588234375
8 0.1510416671875 0.77573529375 0.171875 0.762867646875 0.20625 0.7077205875 0.2114583328125 0.66176470625 0.20833333281250002 0.6415441171875 0.215625 0.625 0.23958333281250002 0.612132353125 0.2666666671875 0.5827205875 0.27291666718749996 0.5349264703125 0.2604166671875 0.512867646875 0.23125 0.50551470625 0.2125 0.518382353125 0.1885416671875 0.5551470593750001 0.1822916671875 0.5533088234375 0.1614583328125 0.5716911765625 0.1604166671875 0.5790441171875 0.1416666671875 0.5863970593750001 0.128125 0.6176470593750001 0.12291666718750001 0.6544117640625 0.103125 0.7077205875 0.1020833328125 0.7169117640625 0.1197916671875 0.7591911765625 0.13125 0.7738970593750001 0.1510416671875 0.77573529375
10 0.2697916671875 0.6966911765625 0.3 0.65073529375 0.30416666718749996 0.6323529406249999 0.3479166671875 0.6268382359375 0.3583333328125 0.6029411765625 0.371875 0.5919117640625 0.3770833328125 0.56801470625 0.3770833328125 0.5294117640625 0.3625 0.5073529406249999 0.3479166671875 0.5018382359375 0.321875 0.5073529406249999 0.3114583328125 0.518382353125 0.2979166671875 0.5404411765625 0.2916666671875 0.56801470625 0.2947916671875 0.6231617640625 0.2833333328125 0.6341911765625 0.215625 0.75551470625 0.2125 0.768382353125 0.21770833281250002 0.7775735296875 0.23020833281250003 0.7794117640625 0.2697916671875 0.6966911765625
7 0.478125 0.5900735296875 0.48020833281249997 0.44485294062499997 0.49583333281249997 0.40625 0.484375 0.3841911765625 0.48229166718750005 0.367647059375 0.49791666718750005 0.3419117640625 0.5041666671875 0.294117646875 0.5447916671875 0.19301470625 0.559375 0.143382353125 0.5572916671875 0.125 0.5520833328125 0.11948529375000001 0.540625 0.1341911765625 0.4739583328125 0.27573529375 0.45416666718750004 0.34007352968750004 0.45416666718750004 0.38051470625 0.396875 0.5477941171875 0.3958333328125 0.55698529375 0.40208333281249997 0.5661764703125 0.47083333281249995 0.5955882359375 0.478125 0.5900735296875
8 0.771875 0.5036764703125 0.7833333328125 0.49264705937500003 0.7875 0.47242647031249996 0.7770833328125 0.375 0.765625 0.3602941171875 0.759375 0.3419117640625 0.7291666671875 0.3345588234375 0.7166666671875 0.33823529375 0.6989583328125 0.36948529375 0.6979166671875 0.3970588234375 0.721875 0.47426470624999995 0.746875 0.5018382359375 0.771875 0.5036764703125
4 0.5760416671875 0.24448529375 0.5822916671875 0.24632352968750001 0.6010416671875001 0.22977941249999997 0.6229166671875 0.1966911765625 0.6291666671875 0.169117646875 0.6270833328125 0.1470588234375 0.60625 0.15073529375 0.5958333328125 0.19301470625 0.5791666671875 0.211397059375 0.56875 0.20404411718749998 0.5760416671875 0.24448529375
4 0.6604166671875 0.24448529375 0.6833333328125 0.2205882359375 0.6958333328124999 0.1911764703125 0.6958333328124999 0.1525735296875 0.6854166671875 0.13970588281250002 0.6729166671875 0.15073529375 0.659375 0.20036764687500003 0.646875 0.2205882359375 0.653125 0.24448529375 0.6604166671875 0.24448529375
8 0.3614583328125 0.15073529375 0.3697916671875 0.137867646875 0.38125 0.09926470625 0.371875 0.086397059375 0.3572916671875 0.0845588234375 0.328125 0.0900735296875 0.321875 0.0974264703125 0.31875 0.1084558828125 0.32083333281250004 0.143382353125 0.33125 0.15441176406249998 0.3614583328125 0.15073529375
8 0.40625 0.15441176406249998 0.425 0.15073529375 0.43854166718750004 0.1102941171875 0.4318177078125 0.0859393375 0.40729166718750004 0.0772058828125 0.3885416671875 0.0919117640625 0.38333333281250004 0.10294117656249999 0.38125 0.11948529375000001 0.3864583328125 0.13970588281250002 0.39895833281250004 0.14154411718749998 0.40625 0.15441176406249998
2 0.41875 0.21875 0.4145833328125 0.20036764687500003 0.41979166718750005 0.19301470625 0.4010416671875 0.143382353125 0.3697916671875 0.1452205875 0.36666666718749996 0.169117646875 0.3770833328125 0.2279411765625 0.4 0.2279411765625 0.41875 0.21875
0 0.8931822921875 0.5270569859374999 0.8121208328125 0.3573639703125 0.7598489578125001 0.282538603125 0.2149625 0.2894393375 0 0.79295404375 0.017423957812499998 0.9426047796875 0.9863635421874999 0.9573033093750001 0.8931822921875 0.5270569859374999
6 0.690909375 0.062069853125 0.3022729171875 0.059398896874999996 0.3020833328125 0.062165440625 0.21515104218749997 0.2691764703125 0.7719697921875001 0.2731856625 0.73939375 0.2130569859375 0.690909375 0.062069853125
5 0.29696979218749997 0.14892095625 0.301515625 0.155602940625 0.27121249999999997 0.24512499999999998 0.3469697921875 0.24913419062500003 0.3628791671875 0.150257353125 0.29696979218749997 0.14892095625
5 0.6242427078125 0.152930146875 0.6151510421874999 0.0861213234375 0.5596593750000001 0.08723345625 0.5575760421875 0.0740955875 0.5674239578125 0.155602940625 0.6242427078125 0.152930146875
5 0.6916666671875 0.14090441250000002 0.669696875 0.0887941171875 0.620265625 0.08221875 0.6348489578125001 0.152930146875 0.6651510421875 0.14625 0.6916666671875 0.14090441250000002
5 0.5901520828125 0.3466746328125 0.6030302078124999 0.49899816250000006 0.709090625 0.49899816250000006 0.6719697921875001 0.342665440625 0.5901520828125 0.3466746328125
5 0.3242427078125 0.342665440625 0.2825760421875 0.505678309375 0.38939375 0.51236029375 0.40378749999999997 0.334648896875 0.3242427078125 0.342665440625
5 0.2405302078125 0.32954595625 0.1772729171875 0.49231617656250004 0.2825760421875 0.49899816250000006 0.323484375 0.3386580875 0.2405302078125 0.32954595625