8 0.621875 0.9227941171875 0.6260416671875 0.9595588234375001 0.6385416671875 0.9981617640625 0.7145833328125 0.9981617640625 0.7166666671875 0.9705882359375 0.7041666671875 0.93198529375 0.7020833328125 0.875 0.6854166671875 0.8400735296875 0.6697916671875 0.8290441171875 0.6447916671875 0.8272058828125 0.634375 0.830882353125 0.6291666671875 0.84926470625 0.6177083328124999 0.856617646875 0.62425625 0.8688952203125 0.6153270828124999 0.8688952203125 0.6083333328125 0.875 0.6104166671875 0.8952205875000001 0.621875 0.9227941171875
8 0.7395833328125 0.9522058828125 0.7520833328125 0.9926470593750001 0.7583333328124999 0.9981617640625 0.8322916671874999 0.9981617640625 0.834375 0.9926470593750001 0.81875 0.93198529375 0.8072916671874999 0.9154411765624999 0.80625 0.8897058828125 0.7989583328125 0.8658088234375001 0.771875 0.830882353125 0.7375 0.825367646875 0.73125 0.8290441171875 0.715625 0.862132353125 0.7125 0.88051470625 0.7260416671875001 0.9227941171875 0.7229166671875 0.9338235296875 0.7395833328125 0.9522058828125
4 0.25297604218749997 0.917476103125 0.2678572921875 0.8990937499999999 0.271428125 0.8910183828125 0.30163645781250004 0.863444853125 0.308928125 0.8413860296875001 0.3078864578125 0.8248419124999999 0.30163645781250004 0.8230036765625 0.230803125 0.8763125 0.174553125 0.9351360296875001 0.1328864578125 0.9939595593749999 0.1318447921875 0.9981617640625 0.1703864578125 0.9981617640625 0.1830354171875 0.9818143375 0.25297604218749997 0.917476103125
10 0.3291666671875 0.9209558828125 0.3614583328125 0.9172794124999999 0.3875 0.9044117640625 0.40208333281249997 0.830882353125 0.375 0.81801470625 0.340625 0.8290441171875 0.33125 0.8419117640625 0.321875 0.86948529375 0.31979166718749996 0.91176470625 0.2541666671875 0.9926470593750001 0.2520833328125 0.9981617640625 0.2802083328125 0.9981617640625 0.30520833281250004 0.9522058828125 0.3291666671875 0.9209558828125
0 0.7700895828125 0.7677922796875001 0.20610104218749997 0.7717297796875 0.0647322921875 0.9981617640625 0.92261875 0.9981617640625 0.8325895828125001 0.8281911765625001 0.7700895828125 0.7677922796875001
6 0.75 0.682444853125 0.664434375 0.568211396875 0.33184479218749996 0.5774025734375 0.20014895781250003 0.7677922796875001 0.772321875 0.7572867640625 0.741071875 0.7165827203124999 0.75 0.682444853125
2 0.421875 0.669117646875 0.409375 0.6415441171875 0.378125 0.6452205875 0.3760416671875 0.6801470593750001 0.3802083328125 0.7150735296875 0.42604166718750003 0.7040441171875 0.421875 0.669117646875
7 0.33541666718749996 0.731617646875 0.35 0.7169117640625 0.3708333328125 0.6599264703125 0.3604166671875 0.65073529375 0.334375 0.65073529375 0.30625 0.6709558828125 0.2979166671875 0.6911764703125 0.29375 0.7150735296875 0.3020833328125 0.7279411765625 0.3177083328125 0.7352941171875 0.33541666718749996 0.731617646875
8 0.425 0.6470588234375 0.434375 0.6415441171875 0.4479166671875 0.6011029406249999 0.44404479218750004 0.597428309375 0.41875 0.5845588234375 0.41686562499999996 0.5857628671875 0.39895833281250004 0.59375 0.402175 0.597428309375 0.3916666671875 0.606617646875 0.3948291671875 0.625946690625 0.3940947921875 0.6337242640625 0.4010416671875 0.637867646875 0.425 0.6470588234375
2 0.6322916671875001 0.6764705875 0.6052083328125 0.6397058828125 0.5875 0.637867646875 0.5708333328124999 0.6470588234375 0.5708333328124999 0.669117646875 0.5989583328125 0.7169117640625 0.63125 0.705882353125 0.6322916671875001 0.6764705875
4 0.5916666671875 0.631163603125 0.603125 0.6054283093749999 0.6010416671875001 0.588884190625 0.5916666671875 0.5796930140625001 0.576634375 0.6026139703125 0.5685541671875 0.6188180140624999 0.5604166671875 0.631163603125 0.5681864578125 0.648632353125 0.5916666671875 0.631163603125
10 0.659375 0.6415441171875 0.6541666671875 0.6213235296875 0.6552083328125 0.606617646875 0.646875 0.5863970593750001 0.6354166671875 0.606617646875 0.615625 0.61948529375 0.6145833328125 0.6341911765625 0.6270833328125 0.6488970593750001 0.6510416671875 0.6488970593750001 0.659375 0.6415441171875
10 0.6886552078125 0.7270588234375001 0.692328125 0.72057720625 0.6916666671875 0.6985294125 0.6802083328124999 0.6801470593750001 0.6791666671875001 0.6727941171875 0.6833333328125 0.669117646875 0.6802083328124999 0.6470588234375 0.673596875 0.643446690625 0.6669854171875 0.6693731625 0.6541666671875 0.6764705875 0.6385416671875 0.6893382359375 0.6458333328125 0.7205882359375 0.6541666671875 0.731617646875 0.671875 0.737132353125 0.6886552078125 0.7270588234375001