4 0.6181822921875 0.6994227937499999 0.6208333328125 0.6470588234375 0.6114583328125 0.6397058828125 0.5979166671875 0.6452205875 0.5864583328124999 0.6672794125 0.5885416671875 0.68198529375 0.5729166671875 0.700367646875 0.5739583328125 0.7279411765625 0.5802083328125 0.7352941171875 0.6068177078125 0.7127849265624999 0.6181822921875 0.6994227937499999
4 0.6729166671875 0.7169117640625 0.6885416671875 0.6783088234375 0.678125 0.6415441171875 0.659375 0.6470588234375 0.6510416671875 0.6966911765625 0.6427083328125 0.705882353125 0.6510416671875 0.731617646875 0.6729166671875 0.7169117640625
2 0.41875 0.700367646875 0.41875 0.6709558828125 0.40833333281249995 0.6415441171875 0.3947916671875 0.637867646875 0.3770833328125 0.6452205875 0.3802083328125 0.7169117640625 0.3916666671875 0.71875 0.42291666718750004 0.705882353125 0.41875 0.700367646875
8 0.3916666671875 0.59926470625 0.3802083328125 0.5919117640625 0.346875 0.59375 0.33645833281250004 0.6102941171875 0.3375 0.6452205875 0.3635416671875 0.6488970593750001 0.3770833328125 0.6397058828125 0.3916666671875 0.59926470625
8 0.42395833281249995 0.6488970593750001 0.434375 0.6415441171875 0.446875 0.5974264703125 0.43645833281249996 0.58823529375 0.41875 0.5863970593750001 0.4010416671875 0.59375 0.3927083328125 0.606617646875 0.3927083328125 0.6360294125 0.4010416671875 0.6360294125 0.41041666718750003 0.6488970593750001 0.42395833281249995 0.6488970593750001
8 0.834375 0.9981617640625 0.8354166671875 0.9852941171875 0.8197916671875 0.9301470593750001 0.809375 0.91176470625 0.8020833328125001 0.8713235296875 0.7739583328124999 0.830882353125 0.7395833328125 0.8235294124999999 0.7322916671875 0.8272058828125 0.715625 0.8602941171875 0.7114583328124999 0.8713235296875 0.7177083328125 0.9044117640625 0.759375 0.9981617640625 0.834375 0.9981617640625
5 0.601515625 0.82529595625 0.6280302078125 0.9981617640625 0.751515625 0.9981617640625 0.6772729171874999 0.821288603125 0.601515625 0.82529595625
5 0.31212083281249997 0.831977940625 0.24696979218749998 0.9976617640625 0.3689395828125 0.9981617640625 0.40151562500000004 0.831977940625 0.31212083281249997 0.831977940625
5 0.225 0.82529595625 0.1272729171875 0.9949889703125001 0.24242395781249998 0.9981617640625 0.30454583281250003 0.82529595625 0.225 0.82529595625
5 0.3181822921875 0.6420459562499999 0.2742427078125 0.7304283093749999 0.3530302078125 0.73978125 0.376515625 0.652930146875 0.3181822921875 0.6420459562499999
5 0.5542125 0.5912683828125 0.5636770828125 0.6482169125 0.6158385421875 0.64079779375 0.5981708328125 0.5918308828125001 0.5542125 0.5912683828125
5 0.6057427078125001 0.5912683828125 0.6238312500000001 0.64673345625 0.6772541671875 0.6430238968750001 0.6486500000000001 0.595540440625 0.6057427078125001 0.5912683828125
0 0.8051072921875001 0.8382738968749999 0.775309375 0.77257904375 0.20020625 0.7660955875 0.0564302078125 0.9981617640625 0.9406895828125 0.9981617640625 0.8423552078125001 0.8343327203124999 0.8051072921875001 0.8382738968749999
6 0.3253583328125 0.5649816171875 0.2091458328125 0.7607536765625 0.771584375 0.764694853125 0.659096875 0.5794338234375 0.3253583328125 0.5649816171875