5 0.6068177078125 0.49899816250000006 0.6448864578125 0.7907757359375001 0.7757572921875 0.7729117640625 0.7113635421875 0.5030055140624999 0.6068177078125 0.49899816250000006
5 0.78125 0.7840900734375 0.9166666671874999 0.77959375 0.8113635421875 0.4963253671875 0.7189395828125 0.511023896875 0.78125 0.7840900734375
5 0.23560625000000002 0.6780441171875 0.22954583281250002 0.6713639703125 0.215909375 0.6312775734375 0.2166666671875 0.5871856625 0.2181822921875 0.5417555140625 0.24318229218749998 0.51503125 0.273484375 0.5030055140624999 0.176515625 0.51236029375 0.0810604171875 0.778257353125 0.2204541671875 0.78226470625 0.2280302078125 0.731490809375 0.23560625000000002 0.6780441171875
5 0.23863645781249998 0.33999448593750003 0.182765625 0.4899724265625 0.2810604171875 0.4909797796875 0.3227270828125 0.342665440625 0.23863645781249998 0.33999448593750003
5 0.3219697921875 0.342913603125 0.28863645781249997 0.5030055140624999 0.3825760421875 0.505678309375 0.40378749999999997 0.337321690625 0.3219697921875 0.342913603125
5 0.675 0.33598529374999997 0.59185625 0.33790073593750003 0.6060604171875 0.5003345593749999 0.709090625 0.5030055140624999 0.675 0.33598529374999997
1 0.7848489578125 0.4896452203125 0.8075760421875 0.48830882343750004 0.8121208328125 0.4816268375 0.8227270828125001 0.4495588234375 0.8371208328125 0.42016360312499995 0.8575760421874999 0.3546911765625 0.8689395828125 0.32796875000000003 0.8545458328125 0.2959007359375 0.8333333328125001 0.27719301406249997 0.809090625 0.27719301406249997 0.7977270828125 0.290555146875 0.780303125 0.31727941249999997 0.7727270828125 0.3440018375 0.7405302078125 0.4331544125 0.7431822921875 0.45223161718749993 0.7545458328125 0.4816268375 0.7848489578125 0.4896452203125
5 0.3 0.14892095625 0.2708333328125 0.2459889703125 0.3469697921875 0.2571507359375 0.36439374999999996 0.15426654374999998 0.3 0.14892095625
5 0.3522729171875 0.24512499999999998 0.4204541671875 0.242647059375 0.42651562500000006 0.155602940625 0.365909375 0.14892095625 0.3522729171875 0.24512499999999998
5 0.3295458328125 0.07553492656250001 0.3 0.14758455937499998 0.3651510421875 0.155602940625 0.380303125 0.07944117656250001 0.3295458328125 0.07553492656250001
5 0.43409062499999995 0.0834485296875 0.3825760421875 0.0855606625 0.3681822921875 0.155602940625 0.430303125 0.1662922796875 0.43409062499999995 0.0834485296875
5 0.63181875 0.155602940625 0.561553125 0.1557481625 0.5742427078125 0.24646139687500002 0.651515625 0.2344356625 0.63181875 0.155602940625
5 0.61439375 0.0847849265625 0.56060625 0.0889044125 0.5704541671875 0.1569393375 0.6287874999999999 0.14625 0.61439375 0.0847849265625
5 0.6939395828125 0.1569393375 0.6363635421875 0.1557481625 0.6545458328125 0.2504705875 0.726515625 0.24913419062500003 0.6939395828125 0.1569393375
2 0.6256678890625 0.1034416 0.6542958328124999 0.14442095625 0.6833666671875 0.134898896875 0.6875197921875 0.102305146875 0.6547114578125 0.0682444859375 0.6281322921875 0.0737371328125 0.6256678890625 0.1034416
7 0.4327052078125 0.5838400734375 0.47888854218750004 0.6010275734375 0.47804166718749996 0.58682904375 0.4805833328125 0.5599264703125 0.48143125 0.5195735296875 0.48143125 0.48071323593750004 0.4793125 0.4306433828125 0.4848208328125 0.438117646875 0.49753125000000004 0.41719301406250003 0.4920229171875 0.39253125 0.482278125 0.3745955875 0.48397291718749996 0.3566617640625 0.4954135421875 0.35367279375 0.5038875 0.3372316171875 0.5034635421875 0.31256985312499996 0.5038875 0.295382353125 0.5144791671875 0.26773345625 0.524225 0.2378400734375 0.5339697921875 0.22588419062499998 0.5500708328125 0.1668474265625 0.5568500000000001 0.1496599265625 0.5606635421874999 0.13172426406249998 0.555578125 0.12798713281250002 0.549646875 0.12724080937499999 0.55049375 0.1152830875 0.5441385421875 0.11378860312500001 0.5377833328125 0.12425183749999999 0.5305802078124999 0.1429338234375 0.5216822921875 0.1646047796875 0.5110895828124999 0.191507353125 0.49880312499999996 0.21915808750000002 0.4877864578125 0.24157720624999998 0.45643229218750003 0.3305055140625 0.4530427078125 0.3828161765625 0.44414479218749997 0.398509190625 0.43101041718750005 0.4343805140625 0.396690625 0.5572297796875 0.396690625 0.5584319859375 0.4043177078125 0.574125 0.4327052078125 0.5838400734375
1 0.3094114578125 0.5220992640625 0.266075 0.501867646875 0.22146354218750003 0.5524485296874999 0.2233760421875 0.6322555140625 0.2628885421875 0.7154356625 0.297185271875 0.7653546265625 0.3298052078125 0.7536525734375 0.3463760421875 0.741288603125 0.3616708328125 0.6817150734374999 0.34765 0.6423731625 0.318971875 0.556944853125 0.3094114578125 0.5220992640625
0 0 0.962648896875 0.0780302078125 0.9679926468750001 0.40227291718749997 0.9981617640625 0.78939375 0.9981617640625 0.9931822921875 0.9880349265625 0.9989583328125 0.8971764703125 0.9939395828125 0.7528694859375 0.8522729171875 0.42684375 0.8757572921874999 0.323959559375 0.8712125000000001 0.287882353125 0.8439395828125 0.2531433828125 0.8 0.2678400734375 0.7742427078125 0.28921874999999997 0.21287916718750002 0.28921874999999997 0 0.8049797796875 0 0.962648896875
6 0.3030302078125 0.0326746328125 0.214015625 0.2660422796875 0.775 0.23310110312500001 0.709090625 0.05004595625 0.3030302078125 0.0326746328125