1 0.3573333328125 0.8383084578125001 0.364 0.728855721875 0.3453333328125 0.674129353125 0.3213333328125 0.6542288562499999 0.3226666671875 0.6069651734375 0.316 0.579601990625 0.2866666671875 0.5572139296875 0.26 0.5597014921875 0.23733333281250002 0.5820895515625 0.2266666671875 0.6119402984375 0.22799999999999998 0.6840796015625 0.29733333281249996 0.828358209375 0.31466666718749997 0.85074626875 0.3573333328125 0.8383084578125001
5 0.7232386671875 0.5454626859375 0.8268573328125 0.5454626859375 0.7681906671875 0.35650995 0.679048 0.3574975125 0.7019053328125 0.37498010000000004 0.692 0.42612437812500004 0.7232386671875 0.5454626859375
8 0.7933333328125001 0.778606965625 0.8320000000000001 0.8258706468750001 0.8626666671875001 0.828358209375 0.8720000000000001 0.8159203984375001 0.8786666671875001 0.7860696515625001 0.8733333328124999 0.773631840625 0.8800000000000001 0.7587064671875 0.8773333328125 0.726368159375 0.852 0.6666666671875 0.8546666671875001 0.6119402984375 0.8386666671875 0.574626865625 0.8093333328125001 0.55223880625 0.7813333328125001 0.55223880625 0.7533333328125 0.6044776125 0.7533333328125 0.6467661687499999 0.7653333328125 0.6716417906250001 0.7693333328125 0.7064676609375 0.7933333328125001 0.778606965625
10 0.6413333328124999 0.8084577109375 0.6426666671875 0.8233830843750001 0.6546666671875 0.8333333328125001 0.6653333328125 0.8109452734374999 0.6639999999999999 0.7835820890625 0.6786666671875 0.718905471875 0.6826666671875 0.6716417906250001 0.6893333328125 0.6616915421875 0.704 0.669154228125 0.72 0.6616915421875 0.7333333328125 0.6368159203125 0.7333333328125 0.6094527359375 0.7173333328125 0.5597014921875 0.688 0.5398009953125 0.6666666671875 0.5422885578125001 0.6533333328125 0.5572139296875 0.648 0.5945273624999999 0.6506666671875 0.621890546875 0.6666666671875 0.6542288562499999 0.6666666671875 0.676616915625 0.6413333328124999 0.8084577109375
2 0.6759999999999999 0.5174129359374999 0.6933333328125 0.4427860703125 0.6933333328125 0.380597015625 0.6453333328124999 0.3606965171875 0.624 0.44776119375 0.62 0.4900497515625 0.624 0.4975124375 0.6519999999999999 0.5149253734375 0.6759999999999999 0.5174129359374999
10 0.2826666671875 0.4402985078125 0.3026666671875 0.425373134375 0.3133333328125 0.40298507499999997 0.31066666718749997 0.370646765625 0.296 0.35572139375 0.25866666718750003 0.36567164218750003 0.24266666718750002 0.39800995 0.24666666718750002 0.427860696875 0.17733333281250002 0.519900496875 0.176 0.5348258703125001 0.1853333328125 0.5398009953125 0.2613333328125 0.4402985078125 0.2826666671875 0.4402985078125
2 0.2226666671875 0.676616915625 0.2253333328125 0.5870646765624999 0.2173333328125 0.569651740625 0.1973333328125 0.5597014921875 0.1613333328125 0.6044776125 0.1066666671875 0.7164179109375 0.1533333328125 0.7761194031249999 0.17466666718749999 0.7761194031249999 0.2226666671875 0.676616915625
4 0.404 0.4004975125 0.4106666671875 0.36567164218750003 0.4026666671875 0.3606965171875 0.3826666671875 0.375621890625 0.3346666671875 0.430348259375 0.288 0.5202114421874999 0.3108573328125 0.5344179109375 0.32799999999999996 0.522388059375 0.404 0.4004975125
0 0.7970093328125001 0.338654228125 0.20237466718750002 0.32374129375 0.004736 0.86374378125 0.9986666671875 0.8460796015625001 0.7970093328125001 0.338654228125
7 0.4453333328125 0.5945273624999999 0.45866666718750004 0.619402984375 0.4813333328125 0.6318407953125 0.48266666718750006 0.4900497515625 0.5 0.4378109453125 0.49066666718749996 0.3905472640625 0.504 0.3606965171875 0.5093333328125 0.31592039843749997 0.5506666671875 0.21144278593750002 0.5599999999999999 0.14925373125000002 0.5519999999999999 0.1417910453125 0.5226666671875 0.2164179109375 0.4853333328125 0.28606965156249997 0.45999999999999996 0.36567164218750003 0.45999999999999996 0.40298507499999997 0.4306666671875 0.4975124375 0.3965666671875 0.5955796015625 0.42412400000000006 0.603609453125 0.43200000000000005 0.5895522390625 0.4453333328125 0.5945273624999999
10 0.40800000000000003 0.25373134375 0.4106666671875 0.24129353281250002 0.40087333281250004 0.22143283593750002 0.4051786671875 0.22464427812499999 0.4069013328125 0.1909228859375 0.42000000000000004 0.1890547265625 0.42933333281249997 0.18159203906250002 0.42933333281249997 0.1666666671875 0.42400000000000004 0.16417910468750002 0.38533333281250004 0.20646766093750002 0.36266666718749996 0.21144278593750002 0.3506666671875 0.2313432828125 0.352 0.2587064671875 0.364 0.2686567171875 0.3946666671875 0.2661691546875 0.40800000000000003 0.25373134375
10 0.348 0.20398010000000003 0.3741773328125 0.1620199 0.3213333328125 0.17661691562499998 0.32 0.1865671640625 0.2946666671875 0.2089552234375 0.2746666671875 0.24129353281250002 0.2746666671875 0.2661691546875 0.2866666671875 0.2661691546875 0.31466666718749997 0.24378109375 0.348 0.20398010000000003
6 0.30700533281250003 0.049614428125 0.2062493328125 0.30975124374999996 0.792704 0.34026119375 0.6996973328125 0.057644278125000004 0.30700533281250003 0.049614428125
10 0.618748 0.144355721875 0.61272 0.12348010000000001 0.6173333328124999 0.08955223906250001 0.6013333328125 0.1119402984375 0.568 0.13432835781250002 0.568 0.1567164171875 0.5866666671874999 0.171641790625 0.6106666671875 0.169154228125 0.618748 0.144355721875
2 0.7173333328125 0.23383084531249998 0.7213333328125 0.2164179109375 0.7186666671874999 0.19402985 0.6906666671874999 0.1567164171875 0.6533333328125 0.16169154218749998 0.6506666671875 0.19651741250000002 0.6786666671875 0.24378109375 0.6893333328125 0.24875621875 0.7173333328125 0.23383084531249998
10 0.6826666671875 0.15174129375 0.6746666671875 0.129353234375 0.6773333328125 0.10199005000000001 0.6693333328125 0.077114428125 0.6613333328125 0.1119402984375 0.6413333328124999 0.11691542343750001 0.6333333328124999 0.13184079531249998 0.6306666671875 0.1417910453125 0.6373333328124999 0.1666666671875 0.6666666671875 0.16417910468750002 0.6826666671875 0.15174129375