5 0.17660359408033827 0.51926171875 0.27864693446088795 0.5286328125 0.3231849894291755 0.3505859375 0.2346723044397463 0.346615234375 0.17660359408033827 0.51926171875
5 0.2831575052854123 0.523427734375 0.3857642706131078 0.523427734375 0.40831606765327694 0.3505859375 0.3220581395348837 0.350521484375 0.2831575052854123 0.523427734375
5 0.3508107822410148 0.801431640625 0.38463742071881607 0.5317578125 0.28118393234672306 0.523697265625 0.22283298097251586 0.800390625 0.3508107822410148 0.801431640625
5 0.6338266384778013 0.159986328125 0.6174767441860466 0.083978515625 0.5574344608879492 0.086197265625 0.5650454545454545 0.15478125 0.6338266384778013 0.159986328125
5 0.6287526427061311 0.15686328125 0.6941511627906977 0.157904296875 0.6704725158562368 0.08189453125 0.6180412262156448 0.0875 0.6287526427061311 0.15686328125
5 0.652431289640592 0.25161328125 0.6298805496828752 0.155822265625 0.5665961945031712 0.159115234375 0.5774492600422834 0.257861328125 0.652431289640592 0.25161328125
5 0.6513033826638478 0.2536953125 0.727977801268499 0.257861328125 0.6958424947145878 0.1589453125 0.6287526427061311 0.15478125 0.6513033826638478 0.2536953125
5 0.3694154334038055 0.157904296875 0.38463742071881607 0.08918359375 0.32628646934460886 0.088802734375 0.3006342494714587 0.159986328125 0.3694154334038055 0.157904296875
5 0.34348097251585624 0.2568203125 0.36659619450317127 0.162068359375 0.3016205073995772 0.159115234375 0.2656797040169133 0.248490234375 0.34348097251585624 0.2568203125
5 0.7116279069767443 0.522443359375 0.6727272727272727 0.34439453125 0.5856236786469344 0.34921875 0.6062019027484143 0.533896484375 0.7116279069767443 0.522443359375
5 0.70880866807611 0.52556640625 0.8193097251585624 0.52556640625 0.7623678646934461 0.350642578125 0.6715993657505285 0.351822265625 0.70880866807611 0.52556640625
5 0.9128964059196618 0.816064453125 0.8210010570824524 0.5276484375 0.7152928118393235 0.523697265625 0.7753350951374207 0.81294140625 0.9128964059196618 0.816064453125
8 0.3879492600422833 0.15234375 0.4186046511627907 0.158203125 0.42389006342494717 0.15625 0.4323467230443975 0.134765625 0.4376321353065539 0.087890625 0.42283298097251587 0.06640625 0.4080338266384778 0.06640625 0.40169133192389006 0.083984375 0.386892177589852 0.08984375 0.379492600422833 0.109375 0.38160676532769555 0.13671875 0.3879492600422833 0.15234375
8 0.36152219873150104 0.220703125 0.36469344608879495 0.234375 0.3773784355179704 0.251953125 0.4048625792811839 0.251953125 0.42071881606765327 0.228515625 0.4260042283298097 0.228515625 0.42283298097251587 0.16015625 0.39006342494714585 0.15625 0.3657505285412262 0.18359375 0.36046511627906974 0.193359375 0.36152219873150104 0.220703125
4 0.6363636363636364 0.79296875 0.6469344608879493 0.80859375 0.6701902748414377 0.8046875 0.6913319238900634 0.7890625 0.6923890063424947 0.76953125 0.6797040169133193 0.75 0.6765327695560254 0.71875 0.6871035940803383 0.673828125 0.6902748414376322 0.625 0.7029598308668076 0.62109375 0.7124735729386892 0.58984375 0.7241014799154334 0.576171875 0.7241014799154334 0.5546875 0.7177589852008457 0.53125 0.7114164904862579 0.5234375 0.6955602536997886 0.5390625 0.6659619450317125 0.591796875 0.6522198731501057 0.630859375 0.63107822410148 0.71875 0.6363636363636364 0.79296875
1 0.06236786469344609 0.681640625 0.14693446088794926 0.794921875 0.15327695560253699 0.796875 0.15750528541226216 0.81640625 0.16331923890063424 0.8125 0.17653276955602537 0.822265625 0.23678646934460887 0.830078125 0.2547568710359408 0.818359375 0.24841437632135308 0.77734375 0.2219873150105708 0.68359375 0.20190274841437633 0.638671875 0.14799154334038056 0.546875 0.12579281183932348 0.53125 0.09619450317124736 0.53515625 0.06448202959830866 0.564453125 0.04756871035940803 0.603515625 0.046511627906976744 0.630859375 0.06236786469344609 0.681640625
7 0.39323467230443976 0.580078125 0.41120507399577166 0.60546875 0.47463002114164904 0.625 0.4820295983086681 0.603515625 0.4788583509513742 0.595703125 0.4788583509513742 0.478515625 0.48625792811839325 0.443359375 0.49471458773784355 0.42578125 0.49471458773784355 0.416015625 0.48731501057082455 0.40234375 0.48731501057082455 0.3671875 0.4978858350951374 0.3515625 0.5042283298097252 0.298828125 0.5454545454545454 0.19140625 0.5486257928118393 0.1640625 0.5591966173361522 0.140625 0.5581395348837209 0.126953125 0.5496828752642706 0.115234375 0.5422832980972516 0.123046875 0.4725158562367865 0.283203125 0.45665961945031713 0.3359375 0.44820295983086683 0.40625 0.39323467230443976 0.580078125
0 0 0.986384765625 0.9989429175475687 0.998046875 0.7939577167019027 0.286650390625 0.20950845665961945 0.300505859375 0 0.986384765625
6 0.7924566596194503 0.28803515625 0.6971744186046512 0.055251953125 0.3104175475687103 0.060994140625 0.20875898520084565 0.296349609375 0.7924566596194503 0.28803515625