5 0.631638418079096 0.42669584245076586 0.6519774011299435 0.5842450765864332 0.7209039548022599 0.5886214442013129 0.7536723163841808 0.5820568927789934 0.7480225988700565 0.5273522975929978 0.7152542372881356 0.3938730853391685 0.6384180790960452 0.3916849015317287 0.6305084745762712 0.3938730853391685 0.631638418079096 0.42669584245076586
5 0.7197740112994351 0.4223194748358862 0.7333333333333333 0.4617067833698031 0.7604519774011299 0.5842450765864332 0.8677966101694915 0.5864332603938731 0.8531073446327684 0.5185995623632386 0.8101694915254237 0.3916849015317287 0.7872881355932203 0.38949671772428884 0.7717514124293785 0.3741794310722101 0.7568361581920904 0.38949671772428884 0.7209039548022599 0.38949671772428884 0.7163841807909604 0.3916849015317287 0.7197740112994351 0.4223194748358862
5 0.6632768361581921 0.7111597374179431 0.6644067796610169 0.7308533916849015 0.6610169491525424 0.7352297592997812 0.6757062146892655 0.8205689277899344 0.6745762711864407 0.8599562363238512 0.6790960451977401 0.8949671772428884 0.6870056497175141 0.9146608315098468 0.8146892655367232 0.912472647702407 0.8259887005649718 0.9015317286652079 0.8259887005649718 0.8862144420131292 0.8124293785310734 0.8446389496717724 0.8101694915254237 0.811816192560175 0.7774011299435029 0.6630196936542669 0.7604519774011299 0.5995623632385121 0.7548022598870057 0.5929978118161926 0.6519774011299435 0.5929978118161926 0.6632768361581921 0.7111597374179431
5 0.7627118644067796 0.6061269146608315 0.8146892655367232 0.8468271334792122 0.8327683615819209 0.9059080962800875 0.9740112994350283 0.9102844638949672 0.9468926553672317 0.8140043763676149 0.8700564971751412 0.5929978118161926 0.7774011299435029 0.5908096280087527 0.7627118644067796 0.5929978118161926 0.7627118644067796 0.6061269146608315
5 0.2135593220338983 0.5820568927789934 0.288135593220339 0.5842450765864332 0.30056497175141245 0.5776805251641138 0.30847457627118646 0.562363238512035 0.3333333333333333 0.4420131291028446 0.33220338983050846 0.4310722100656455 0.34011299435028247 0.40919037199124725 0.3389830508474576 0.3938730853391685 0.25310734463276835 0.3916849015317287 0.2248587570621469 0.4660831509846827 0.20677966101694914 0.5492341356673961 0.2 0.5536105032822757 0.19661016949152543 0.5667396061269147 0.2135593220338983 0.5820568927789934
5 0.31412429378531076 0.5908096280087527 0.40451977401129946 0.5908096280087527 0.4101694915254237 0.5842450765864332 0.4271186440677966 0.4726477024070022 0.4327683615819209 0.3916849015317287 0.34011299435028247 0.3916849015317287 0.30056497175141245 0.5667396061269147 0.2994350282485876 0.5820568927789934 0.31412429378531076 0.5908096280087527
5 0.3638418079096045 0.28227571115973743 0.37175141242937854 0.26695842450765866 0.38757062146892657 0.18818380743982493 0.384180790960452 0.1772428884026258 0.35480225988700564 0.18161925601750548 0.3231638418079096 0.17943107221006566 0.31864406779661014 0.18599562363238512 0.30282485875706217 0.23194748358862144 0.28700564971751413 0.28227571115973743 0.3638418079096045 0.28227571115973743
5 0.3706214689265537 0.29321663019693656 0.43163841807909603 0.29540481400437635 0.43954802259887005 0.29321663019693656 0.4463276836158192 0.2844638949671772 0.44519774011299434 0.2713347921225383 0.4497175141242938 0.2538293216630197 0.4576271186440678 0.18599562363238512 0.4542372881355932 0.18599562363238512 0.45310734463276836 0.17943107221006566 0.44745762711864406 0.1772428884026258 0.3954802259887006 0.1772428884026258 0.3864406779661017 0.1925601750547046 0.36610169491525424 0.2778993435448578 0.3706214689265537 0.29321663019693656
5 0.3943502824858757 0.175054704595186 0.4384180790960452 0.1772428884026258 0.45310734463276836 0.175054704595186 0.4610169491525424 0.13566739606126915 0.4610169491525424 0.12472647702407003 0.46440677966101696 0.12253829321663019 0.4666666666666667 0.11159737417943107 0.4655367231638418 0.10722100656455143 0.4666666666666667 0.0962800875273523 0.40790960451977404 0.0962800875273523 0.40225988700564974 0.1137855579868709 0.40225988700564974 0.12691466083150985 0.3943502824858757 0.15317286652078774 0.392090395480226 0.16849015317286653 0.3943502824858757 0.175054704595186
5 0.6779661016949152 0.19474835886214442 0.6824858757062147 0.19912472647702406 0.6858757062146893 0.21444201312910285 0.6836158192090396 0.2210065645514223 0.6836158192090396 0.2363238512035011 0.6937853107344633 0.2800875273522976 0.7435028248587571 0.28227571115973743 0.7468926553672316 0.2778993435448578 0.7435028248587571 0.2647702407002188 0.7389830508474576 0.25601750547045954 0.7378531073446327 0.24945295404814005 0.7389830508474576 0.24288840262582057 0.7367231638418079 0.24070021881838075 0.7435028248587571 0.21663019693654267 0.7457627118644068 0.21444201312910285 0.7457627118644068 0.20787746170678337 0.7367231638418079 0.18161925601750548 0.6858757062146893 0.17943107221006566 0.6768361581920904 0.18161925601750548 0.6757062146892655 0.1838074398249453 0.6779661016949152 0.19474835886214442
5 0.5943502824858757 0.11159737417943107 0.5966101694915255 0.11816192560175055 0.5977401129943503 0.13785557986870897 0.6011299435028249 0.14442013129102846 0.6045197740112994 0.15973741794310722 0.6056497175141243 0.175054704595186 0.6440677966101694 0.16192560175054704 0.6519774011299435 0.16192560175054704 0.6632768361581921 0.175054704595186 0.6689265536723163 0.17286652078774617 0.6655367231638418 0.1487964989059081 0.6531073446327683 0.09846827133479212 0.6508474576271186 0.0962800875273523 0.6463276836158192 0.09846827133479212 0.5954802259887005 0.0962800875273523 0.5932203389830508 0.09846827133479212 0.5943502824858757 0.11159737417943107
5 0.6576271186440678 0.10284463894967177 0.6576271186440678 0.1137855579868709 0.6610169491525424 0.12691466083150985 0.6677966101694915 0.1422319474835886 0.6711864406779661 0.15973741794310722 0.6711864406779661 0.17067833698030635 0.6757062146892655 0.1838074398249453 0.7389830508474576 0.1772428884026258 0.7344632768361582 0.16630196936542668 0.735593220338983 0.1575492341356674 0.7242937853107345 0.13347921225382933 0.7141242937853107 0.09846827133479212 0.6666666666666666 0.0962800875273523 0.655367231638418 0.09846827133479212 0.6576271186440678 0.10284463894967177
2 0.6135593220338983 0.20787746170678337 0.632768361581921 0.24945295404814005 0.6418079096045197 0.26258205689277897 0.655367231638418 0.2603938730853392 0.6757062146892655 0.25164113785557984 0.6790960451977401 0.24726477024070023 0.6813559322033899 0.23851203501094093 0.6802259887005649 0.2275711159737418 0.6836158192090396 0.20787746170678337 0.672316384180791 0.19474835886214442 0.6677966101694915 0.18161925601750548 0.6632768361581921 0.17943107221006566 0.6531073446327683 0.16411378555798686 0.6146892655367232 0.17067833698030635 0.6124293785310735 0.18599562363238512 0.6112994350282486 0.19912472647702406 0.6135593220338983 0.20787746170678337
2 0.3367231638418079 0.17286652078774617 0.39096045197740115 0.12472647702407003 0.4033898305084746 0.1050328227571116 0.4033898305084746 0.09190371991247265 0.4 0.08533916849015317 0.3807909604519774 0.087527352297593 0.3593220338983051 0.12035010940919037 0.3231638418079096 0.1487964989059081 0.32429378531073444 0.175054704595186 0.3367231638418079 0.17286652078774617
1 0.3152542372881356 0.9080962800875274 0.3728813559322034 0.9146608315098468 0.38192090395480227 0.7943107221006565 0.36045197740112994 0.7242888402625821 0.34124293785310733 0.6980306345733042 0.34011299435028247 0.6520787746170679 0.33220338983050846 0.6258205689277899 0.3096045197740113 0.5951859956236324 0.2745762711864407 0.5973741794310722 0.25536723163841807 0.6170678336980306 0.23954802259887006 0.6455142231947484 0.23389830508474577 0.6695842450765864 0.2384180790960452 0.7483588621444202 0.3152542372881356 0.9080962800875274
1 0.05649717514124294 0.7461706783369803 0.07570621468926554 0.7811816192560175 0.14915254237288136 0.8774617067833698 0.1536723163841808 0.888402625820569 0.14915254237288136 0.9080962800875274 0.1536723163841808 0.9212253829321663 0.15706214689265538 0.9059080962800875 0.18418079096045198 0.9059080962800875 0.19096045197740114 0.9146608315098468 0.2214689265536723 0.9212253829321663 0.23954802259887006 0.899343544857768 0.2440677966101695 0.8796498905908097 0.24067796610169492 0.8512035010940919 0.2519774011299435 0.8402625820568927 0.23615819209039549 0.7680525164113785 0.21242937853107344 0.7133479212253829 0.15706214689265538 0.612691466083151 0.1310734463276836 0.5951859956236324 0.1016949152542373 0.6017505470459519 0.06440677966101695 0.6411378555798687 0.05084745762711865 0.6761487964989059 0.04971751412429379 0.7067833698030634 0.05649717514124294 0.7461706783369803
7 0.47796610169491527 0.4551422319474836 0.4248587570621469 0.6345733041575492 0.4192090395480226 0.6411378555798687 0.4192090395480226 0.6520787746170679 0.4350282485875706 0.6673960612691466 0.5005649717514125 0.700218818380744 0.5084745762711864 0.6958424507658644 0.5096045197740113 0.6564551422319475 0.5129943502824859 0.6520787746170679 0.5096045197740113 0.5404814004376368 0.5141242937853108 0.5054704595185996 0.5242937853107345 0.49015317286652077 0.5276836158192091 0.4726477024070022 0.5152542372881356 0.4201312910284464 0.5310734463276836 0.3982494529540481 0.5333333333333333 0.3522975929978118 0.5819209039548022 0.21663019693654267 0.5887005649717514 0.17286652078774617 0.5954802259887005 0.15973741794310722 0.5943502824858757 0.1487964989059081 0.5830508474576271 0.13129102844638948 0.5254237288135594 0.2778993435448578 0.5016949152542373 0.32166301969365424 0.4847457627118644 0.3916849015317287 0.47796610169491527 0.4551422319474836
0 0 0.9978118161925602 0.9988700564971752 0.9978118161925602 0.8569129943502826 0.32620568927789934 0.22068474576271188 0.34128665207877457 0 0.9978118161925602
6 0.8481491525423729 0.33468927789934355 0.7423457627118644 0.06808096280087528 0.3224180790960452 0.06698468271334791 0.22146666666666665 0.3371137855579869 0.8481491525423729 0.33468927789934355