5 0.2781435010416667 0.5123995680147059 0.21666666666666667 0.7702389705882353 0.3454541666666667 0.7862738970588236 0.38181770833333334 0.5136948529411764 0.2781435010416667 0.5123995680147059
5 0.21287916666666667 0.7929540441176471 0.2795458333333333 0.5056783088235294 0.17613645833333333 0.5066838235294118 0.076515625 0.7769209558823529 0.21287916666666667 0.7929540441176471
5 0.28106041666666665 0.5056783088235294 0.32196979166666667 0.3426654411764706 0.23958333333333334 0.3379007352941177 0.175 0.5016691176470589 0.28106041666666665 0.5056783088235294
5 0.28181770833333336 0.4949889705882353 0.37348437500000004 0.512360294117647 0.3810604166666666 0.5070147058823529 0.4045458333333333 0.33464889705882356 0.32386354166666664 0.3362297794117647 0.28181770833333336 0.4949889705882353
5 0.9151510416666666 0.7809283088235294 0.8189395833333334 0.5043419117647059 0.7149625000000001 0.5083547794117648 0.773484375 0.77959375 0.9151510416666666 0.7809283088235294
5 0.71060625 0.5016691176470589 0.6689395833333334 0.33732169117647054 0.589015625 0.33957169117647057 0.61060625 0.5056783088235294 0.71060625 0.5016691176470589
8 0.721875 0.4742647058823529 0.75 0.5018382352941176 0.7729166666666667 0.5018382352941176 0.7854166666666667 0.4889705882352941 0.7885416666666667 0.4742647058823529 0.778125 0.38235294117647056 0.759375 0.34375 0.7229166666666667 0.33639705882352944 0.7 0.3713235294117647 0.6979166666666666 0.3952205882352941 0.721875 0.4742647058823529
10 0.6635416666666667 0.6139705882352942 0.65 0.6893382352941176 0.6375 0.7279411764705882 0.634375 0.7591911764705882 0.646875 0.7757352941176471 0.6604166666666667 0.7444852941176471 0.6583333333333333 0.7371323529411765 0.6635416666666667 0.7279411764705882 0.6760416666666667 0.6341911764705882 0.7125 0.6176470588235294 0.7208333333333333 0.6047794117647058 0.7260416666666667 0.5790441176470589 0.71875 0.5404411764705882 0.69375 0.5073529411764706 0.6708333333333333 0.5036764705882353 0.6541666666666667 0.5091911764705882 0.640625 0.5367647058823529 0.6447916666666667 0.5845588235294118 0.6635416666666667 0.6139705882352942
7 0.440625 0.41911764705882354 0.398484375 0.5617977941176471 0.42727291666666667 0.5658069852941177 0.44393958333333333 0.5845128676470589 0.4552083333333333 0.5661764705882353 0.4552083333333333 0.5863970588235294 0.45 0.5863970588235294 0.4510416666666667 0.59375 0.4822916666666667 0.6066176470588235 0.48854166666666665 0.5863970588235294 0.484375 0.5661764705882353 0.4875 0.5257352941176471 0.48333333333333334 0.4522058823529412 0.49583333333333335 0.41360294117647056 0.5052083333333334 0.2959558823529412 0.521875 0.2426470588235294 0.5447916666666667 0.18933823529411764 0.5572916666666666 0.14338235294117646 0.5520833333333334 0.12683823529411764 0.5479166666666667 0.125 0.534375 0.14705882352941177 0.4739583333333333 0.2757352941176471 0.4552083333333333 0.3400735294117647 0.4552083333333333 0.38419117647058826 0.440625 0.41911764705882354
0 0.001515625 0.9238988970588236 0.9962125000000001 0.963983455882353 0.9916666666666667 0.7742481617647058 0.8204541666666666 0.36003676470588236 0.7583333333333333 0.2745220588235294 0.21212083333333334 0.2844246323529412 0 0.7982996323529411 0.001515625 0.9238988970588236
6 0.20757604166666666 0.2784393382352941 0.7825760416666667 0.27576654411764706 0.690909375 0.05529779411764706 0.30378750000000004 0.06999632352941176 0.2833333333333333 0.13814154411764706 0.20757604166666666 0.2784393382352941
2 0.36666666666666664 0.16727941176470587 0.37604166666666666 0.22794117647058823 0.39791666666666664 0.22794117647058823 0.41770833333333335 0.21875 0.41354166666666664 0.2113970588235294 0.4166666666666667 0.18198529411764705 0.4 0.14338235294117646 0.37083333333333335 0.14522058823529413 0.36666666666666664 0.15257352941176472 0.36666666666666664 0.16727941176470587
8 0.32916666666666666 0.15257352941176472 0.35208333333333336 0.15441176470588236 0.3614583333333333 0.1488970588235294 0.365625 0.13786764705882354 0.38181770833333334 0.09404779411764706 0.34375 0.08823529411764706 0.3375 0.0974264705882353 0.32916666666666666 0.09375 0.32083333333333336 0.10661764705882353 0.31979166666666664 0.13786764705882354 0.32916666666666666 0.15257352941176472
8 0.3854166666666667 0.13786764705882354 0.41770833333333335 0.13786764705882354 0.42291666666666666 0.14338235294117646 0.428125 0.13786764705882354 0.43854166666666666 0.0974264705882353 0.4354166666666667 0.08823529411764706 0.41041666666666665 0.07904411764705882 0.384375 0.10294117647058823 0.38229166666666664 0.1213235294117647 0.3854166666666667 0.13786764705882354
4 0.58125 0.22426470588235295 0.5875 0.23897058823529413 0.609375 0.22058823529411764 0.6260416666666667 0.18566176470588236 0.628125 0.1488970588235294 0.6072916666666667 0.1488970588235294 0.5885416666666666 0.20404411764705882 0.578125 0.21507352941176472 0.5760416666666667 0.22426470588235295 0.58125 0.22426470588235295
4 0.646875 0.22242647058823528 0.653125 0.24448529411764705 0.6604166666666667 0.24448529411764705 0.68125 0.22242647058823528 0.6958333333333333 0.19301470588235295 0.696875 0.15808823529411764 0.6927083333333334 0.14705882352941177 0.671875 0.15441176470588236 0.671875 0.17463235294117646 0.646875 0.22242647058823528
5 0.3454541666666667 0.2463713235294118 0.3613635416666667 0.15283823529411766 0.30587083333333337 0.15240625000000002 0.27424270833333336 0.24503492647058825 0.3454541666666667 0.2463713235294118
5 0.6219697916666667 0.1394779411764706 0.61060625 0.09003860294117648 0.5636364583333333 0.08469485294117647 0.56060625 0.08890441176470587 0.565909375 0.16219117647058823 0.6219697916666667 0.1394779411764706
5 0.63939375 0.15283823529411766 0.68560625 0.1408125 0.6621208333333333 0.08469485294117647 0.6221593750000001 0.08890441176470587 0.63939375 0.15283823529411766