5 0.13075 0.9981617647058824 0.25265208333333333 0.9981617647058824 0.312709375 0.8247150735294118 0.22119375 0.8273658088235294 0.13075 0.9981617647058824
5 0.312709375 0.8253455882352941 0.25300937500000004 0.9981617647058824 0.36919270833333334 0.9981617647058824 0.40386770833333335 0.830389705882353 0.3110114583333334 0.8305202205882353 0.312709375 0.8253455882352941
5 0.3777875 0.6530625 0.3957104166666667 0.5960514705882353 0.34598020833333337 0.5925349264705883 0.318140625 0.6509908088235294 0.3777875 0.6530625
5 0.3510489583333333 0.7344356617647059 0.37661145833333337 0.6489172794117648 0.31806666666666666 0.651516544117647 0.2731854166666666 0.7385808823529412 0.3510489583333333 0.7344356617647059
5 0.34976041666666663 0.7335753676470588 0.4192427083333333 0.7308106617647059 0.4354375 0.6520202205882353 0.3771229166666667 0.6512205882352942 0.34976041666666663 0.7335753676470588
5 0.6203749999999999 0.6496911764705883 0.6049635416666667 0.5948621323529412 0.5511541666666666 0.5918713235294117 0.5618635416666666 0.6529172794117647 0.6203749999999999 0.6496911764705883
5 0.6491083333333333 0.7359283088235294 0.6224645833333333 0.6511488970588236 0.5616020833333334 0.6548345588235295 0.5762302083333334 0.7368511029411764 0.6491083333333333 0.7359283088235294
5 0.6478385416666667 0.7364209558823529 0.7247177083333334 0.7349834558823529 0.6794864583333333 0.6527003676470589 0.6201291666666666 0.6511268382352942 0.6478385416666667 0.7364209558823529
5 0.6135416666666667 0.6341911764705882 0.6177083333333333 0.6397058823529411 0.61875 0.6433823529411765 0.6229166666666667 0.6470588235294118 0.6416666666666667 0.6507352941176471 0.64375 0.6488970588235294 0.6520833333333333 0.6488970588235294 0.6552083333333333 0.6470588235294118 0.6583333333333333 0.6397058823529411 0.65625 0.6268382352941176 0.6479166666666667 0.6139705882352942 0.6479166666666667 0.6084558823529411 0.6510416666666666 0.6047794117647058 0.6520833333333333 0.5992647058823529 0.65 0.5900735294117647 0.646875 0.5863970588235294 0.64375 0.5882352941176471 0.6395833333333333 0.5992647058823529 0.6276041666666666 0.6121323529411765 0.621875 0.6121323529411765 0.6135416666666667 0.6194852941176471 0.6125 0.6231617647058824 0.6135416666666667 0.6341911764705882
8 0.6020833333333333 0.8713235294117647 0.6260416666666667 0.9393382352941176 0.6260416666666667 0.9503676470588235 0.6395833333333333 0.9981617647058824 0.715625 0.9981617647058824 0.7166666666666667 0.9724264705882353 0.7041666666666667 0.9301470588235294 0.7020833333333333 0.875 0.696875 0.8584558823529411 0.6833333333333333 0.8400735294117647 0.6635416666666667 0.8272058823529411 0.6458333333333334 0.8272058823529411 0.634375 0.8327205882352942 0.63125 0.8455882352941176 0.6177083333333333 0.8566176470588235 0.5833333333333334 0.8327205882352942 0.5791666666666667 0.8363970588235294 0.578125 0.8547794117647058 0.6020833333333333 0.8713235294117647
8 0.7177083333333333 0.9025735294117647 0.759375 0.9963235294117647 0.840625 0.9981617647058824 0.8541666666666666 0.9926470588235294 0.8072916666666666 0.8952205882352942 0.8010416666666667 0.8676470588235294 0.775 0.8327205882352942 0.7395833333333334 0.8235294117647058 0.7322916666666667 0.8272058823529411 0.715625 0.8621323529411765 0.7135416666666666 0.8731617647058824 0.7177083333333333 0.9025735294117647
8 0.3927083333333333 0.6360294117647058 0.3958333333333333 0.6433823529411765 0.403125 0.6488970588235294 0.425 0.6488970588235294 0.42916666666666664 0.6470588235294118 0.4354166666666667 0.6397058823529411 0.4375 0.6341911764705882 0.4375 0.6286764705882353 0.440625 0.6158088235294118 0.446875 0.6047794117647058 0.4479166666666667 0.5992647058823529 0.446875 0.59375 0.43854166666666666 0.5900735294117647 0.41354166666666664 0.5919117647058824 0.4 0.5992647058823529 0.3927083333333333 0.6121323529411765 0.39166666666666666 0.6194852941176471 0.3927083333333333 0.6360294117647058
0 0.067015625 0.9981617647058824 0.9351041666666667 0.9981617647058824 0.792590625 0.7702665441176471 0.207125 0.7761893382352941 0.067015625 0.9981617647058824
6 0.7790177083333333 0.7701580882352941 0.6704354166666667 0.5766305147058823 0.33083541666666666 0.5716011029411765 0.21009479166666667 0.7761433823529411 0.7790177083333333 0.7701580882352941