0 0.9420458333333334 1 0.834159375 0.8549761029411765 0.7694270833333333 0.7748823529411765 0.20692708333333334 0.7827591911764706 0.070765625 1 0.9420458333333334 1
5 0.349978125 0.7333713235294118 0.3743458333333333 0.649860294117647 0.316075 0.6462757352941176 0.27122395833333335 0.7371102941176471 0.349978125 0.7333713235294118
5 0.420609375 0.7346176470588235 0.4361479166666667 0.6529761029411765 0.37575833333333336 0.650016544117647 0.347153125 0.7315018382352941 0.420609375 0.7346176470588235
5 0.3743458333333333 0.6529761029411765 0.39659479166666667 0.5931470588235295 0.3482125 0.5889411764705883 0.31572187500000004 0.644875 0.3743458333333333 0.6529761029411765
8 0.39791666666666664 0.6452205882352942 0.428125 0.6470588235294118 0.4354166666666667 0.6397058823529411 0.4479166666666667 0.6047794117647058 0.44895833333333335 0.5900735294117647 0.4125 0.5919117647058824 0.4 0.5992647058823529 0.3927083333333333 0.6139705882352942 0.3927083333333333 0.6341911764705882 0.39791666666666664 0.6452205882352942
5 0.57383125 0.7354319852941176 0.6504364583333333 0.7304558823529411 0.6212979166666667 0.6558125 0.5620822916666667 0.6543621323529412 0.57383125 0.7354319852941176
5 0.652315625 0.7337720588235295 0.7176416666666667 0.7263088235294118 0.6776947916666667 0.6524963235294118 0.6241177083333334 0.6516672794117647 0.652315625 0.7337720588235295
10 0.6125 0.6286764705882353 0.6145833333333334 0.6360294117647058 0.61875 0.6433823529411765 0.625 0.6488970588235294 0.6416666666666667 0.6507352941176471 0.6541666666666667 0.6488970588235294 0.65625 0.6470588235294118 0.6583333333333333 0.6415441176470589 0.6572916666666667 0.6268382352941176 0.6552083333333333 0.6231617647058824 0.6514416666666667 0.6201011029411765 0.6455479166666667 0.6162683823529411 0.6483395833333333 0.6020367647058823 0.6510416666666666 0.5919117647058824 0.646875 0.5863970588235294 0.6395833333333333 0.5955882352941176 0.6354166666666666 0.6084558823529411 0.621875 0.6121323529411765 0.615625 0.6176470588235294 0.6125 0.6231617647058824 0.6125 0.6286764705882353
6 0.7559135416666667 0.7457389705882354 0.6645802083333333 0.5727536764705882 0.32858020833333335 0.5768511029411765 0.205246875 0.7633915441176471 0.7559135416666667 0.7457389705882354
8 0.6385416666666667 0.9981617647058824 0.7177083333333333 0.9981617647058824 0.7177083333333333 0.9742647058823529 0.7041666666666667 0.9301470588235294 0.703125 0.8768382352941176 0.696875 0.8566176470588235 0.6833333333333333 0.8382352941176471 0.6666666666666666 0.8272058823529411 0.6385416666666667 0.8290441176470589 0.6135416666666667 0.8786764705882353 0.621875 0.9356617647058824 0.6385416666666667 0.9981617647058824
8 0.7177083333333333 0.9025735294117647 0.7572916666666667 0.9944852941176471 0.8354166666666667 0.9963235294117647 0.834375 0.9705882352941176 0.8114583333333333 0.9209558823529411 0.803125 0.8731617647058824 0.7739583333333333 0.8308823529411765 0.7322916666666667 0.8272058823529411 0.715625 0.8621323529411765 0.7135416666666666 0.8731617647058824 0.7177083333333333 0.9025735294117647
5 0.618090625 0.6485624999999999 0.5977437499999999 0.5909779411764706 0.5536197916666666 0.5889007352941177 0.5632020833333333 0.6544044117647059 0.618090625 0.6485624999999999
5 0.3709270833333333 0.9981617647058824 0.40175625 0.8280533088235295 0.31451770833333337 0.8245827205882352 0.24695729166666666 0.9981617647058824 0.3709270833333333 0.9981617647058824
5 0.24892499999999998 0.9958014705882353 0.3086145833333333 0.8257389705882353 0.22383541666666668 0.8250220588235294 0.128234375 0.9981617647058824 0.24892499999999998 0.9958014705882353
7 0.409375 0.9981617647058824 0.475 0.9981617647058824 0.48020833333333335 0.9448529411764706 0.49583333333333335 0.9080882352941176 0.5052083333333334 0.78125 0.54375 0.6764705882352942 0.5447916666666667 0.65625 0.5510416666666667 0.6415441176470589 0.5479166666666667 0.625 0.540625 0.6231617647058824 0.5322916666666667 0.6397058823529411 0.45625 0.8161764705882353 0.4510416666666667 0.8713235294117647 0.409375 0.9981617647058824