10 0.6635416666666667 0.6158088235294118 0.6447916666666667 0.7003676470588235 0.634375 0.7150735294117647 0.634375 0.7628676470588235 0.6395833333333333 0.7757352941176471 0.6520833333333333 0.7794117647058824 0.6541666666666667 0.7738970588235294 0.6489583333333333 0.7555147058823529 0.6416666666666667 0.7463235294117647 0.659375 0.6617647058823529 0.675 0.6507352941176471 0.6739583333333333 0.6323529411764706 0.6802083333333333 0.6176470588235294 0.69375 0.6268382352941176 0.715625 0.6139705882352942 0.7270833333333333 0.5919117647058824 0.728125 0.5772058823529411 0.7197916666666667 0.5367647058823529 0.696875 0.5073529411764706 0.6770833333333334 0.5018382352941176 0.6541666666666667 0.5073529411764706 0.6427083333333333 0.5220588235294118 0.6385416666666667 0.5514705882352942 0.6427083333333333 0.5827205882352942 0.6635416666666667 0.6158088235294118
2 0.7708333333333334 0.65625 0.771875 0.6966911764705882 0.7791666666666667 0.7095588235294118 0.840625 0.7481617647058824 0.8697916666666666 0.7150735294117647 0.871875 0.6654411764705882 0.8645833333333334 0.6452205882352942 0.859375 0.5661764705882353 0.853125 0.5514705882352942 0.8291666666666667 0.53125 0.8166666666666667 0.5330882352941176 0.790625 0.5183823529411765 0.7760416666666666 0.5441176470588235 0.771875 0.5735294117647058 0.7677083333333333 0.6525735294117647 0.7708333333333334 0.65625
8 0.11979166666666667 0.7591911764705882 0.13125 0.7738970588235294 0.15104166666666666 0.7757352941176471 0.171875 0.7628676470588235 0.20625 0.7077205882352942 0.21145833333333333 0.6617647058823529 0.20833333333333334 0.6415441176470589 0.215625 0.625 0.23958333333333334 0.6121323529411765 0.26666666666666666 0.5827205882352942 0.27291666666666664 0.5349264705882353 0.2604166666666667 0.5128676470588235 0.23125 0.5055147058823529 0.2125 0.5183823529411765 0.18854166666666666 0.5551470588235294 0.18229166666666666 0.5533088235294118 0.16145833333333334 0.5716911764705882 0.16041666666666668 0.5790441176470589 0.14166666666666666 0.5863970588235294 0.128125 0.6176470588235294 0.12291666666666666 0.6544117647058824 0.103125 0.7077205882352942 0.10208333333333333 0.7169117647058824 0.11979166666666667 0.7591911764705882
10 0.21770833333333334 0.7775735294117647 0.23020833333333332 0.7794117647058824 0.26979166666666665 0.6966911764705882 0.3 0.6507352941176471 0.30416666666666664 0.6323529411764706 0.34791666666666665 0.6268382352941176 0.35833333333333334 0.6029411764705882 0.371875 0.5919117647058824 0.3770833333333333 0.5680147058823529 0.3770833333333333 0.5294117647058824 0.3625 0.5073529411764706 0.34791666666666665 0.5018382352941176 0.321875 0.5073529411764706 0.31145833333333334 0.5183823529411765 0.29791666666666666 0.5404411764705882 0.2916666666666667 0.5680147058823529 0.2947916666666667 0.6231617647058824 0.2833333333333333 0.6341911764705882 0.215625 0.7555147058823529 0.2125 0.7683823529411765 0.21770833333333334 0.7775735294117647
7 0.40208333333333335 0.5661764705882353 0.4708333333333333 0.5955882352941176 0.478125 0.5900735294117647 0.48020833333333335 0.44485294117647056 0.49583333333333335 0.40625 0.484375 0.38419117647058826 0.4822916666666667 0.36764705882352944 0.4979166666666667 0.34191176470588236 0.5041666666666667 0.29411764705882354 0.5447916666666667 0.19301470588235295 0.559375 0.14338235294117646 0.5572916666666666 0.125 0.5520833333333334 0.11948529411764706 0.540625 0.13419117647058823 0.4739583333333333 0.2757352941176471 0.45416666666666666 0.3400735294117647 0.45416666666666666 0.3805147058823529 0.396875 0.5477941176470589 0.3958333333333333 0.5569852941176471 0.40208333333333335 0.5661764705882353
8 0.721875 0.4742647058823529 0.746875 0.5018382352941176 0.771875 0.5036764705882353 0.7833333333333333 0.49264705882352944 0.7875 0.4724264705882353 0.7770833333333333 0.375 0.765625 0.3602941176470588 0.759375 0.34191176470588236 0.7291666666666666 0.33455882352941174 0.7166666666666667 0.3382352941176471 0.6989583333333333 0.3694852941176471 0.6979166666666666 0.39705882352941174 0.721875 0.4742647058823529
4 0.5791666666666667 0.2113970588235294 0.56875 0.20404411764705882 0.5760416666666667 0.24448529411764705 0.5822916666666667 0.24632352941176472 0.6010416666666667 0.22977941176470587 0.6229166666666667 0.19669117647058823 0.6291666666666667 0.16911764705882354 0.6270833333333333 0.14705882352941177 0.60625 0.15073529411764705 0.5958333333333333 0.19301470588235295 0.5791666666666667 0.2113970588235294
4 0.646875 0.22058823529411764 0.653125 0.24448529411764705 0.6604166666666667 0.24448529411764705 0.6833333333333333 0.22058823529411764 0.6958333333333333 0.19117647058823528 0.6958333333333333 0.15257352941176472 0.6854166666666667 0.13970588235294118 0.6729166666666667 0.15073529411764705 0.659375 0.20036764705882354 0.646875 0.22058823529411764
8 0.32083333333333336 0.14338235294117646 0.33125 0.15441176470588236 0.3614583333333333 0.15073529411764705 0.3697916666666667 0.13786764705882354 0.38125 0.09926470588235294 0.371875 0.08639705882352941 0.3572916666666667 0.08455882352941177 0.328125 0.0900735294117647 0.321875 0.0974264705882353 0.31875 0.10845588235294118 0.32083333333333336 0.14338235294117646
8 0.38645833333333335 0.13970588235294118 0.39895833333333336 0.14154411764705882 0.40625 0.15441176470588236 0.425 0.15073529411764705 0.43854166666666666 0.11029411764705882 0.4318177083333333 0.08593933823529411 0.40729166666666666 0.07720588235294118 0.3885416666666667 0.09191176470588236 0.38333333333333336 0.10294117647058823 0.38125 0.11948529411764706 0.38645833333333335 0.13970588235294118
2 0.3770833333333333 0.22794117647058823 0.4 0.22794117647058823 0.41875 0.21875 0.41458333333333336 0.20036764705882354 0.4197916666666667 0.19301470588235295 0.4010416666666667 0.14338235294117646 0.3697916666666667 0.14522058823529413 0.36666666666666664 0.16911764705882354 0.3770833333333333 0.22794117647058823
0 0.017423958333333333 0.9426047794117648 0.9863635416666666 0.9573033088235294 0.8931822916666667 0.5270569852941176 0.8121208333333333 0.3573639705882353 0.7598489583333333 0.28253860294117644 0.2149625 0.28943933823529416 0 0.7929540441176471 0.017423958333333333 0.9426047794117648
6 0.7719697916666667 0.2731856617647059 0.73939375 0.21305698529411765 0.690909375 0.062069852941176465 0.30227291666666667 0.059398897058823535 0.3020833333333333 0.06216544117647058 0.21515104166666665 0.2691764705882353 0.7719697916666667 0.2731856617647059
5 0.3469697916666667 0.2491341911764706 0.36287916666666664 0.15025735294117645 0.29696979166666665 0.14892095588235296 0.301515625 0.15560294117647058 0.27121249999999997 0.24512500000000004 0.3469697916666667 0.2491341911764706
5 0.5575760416666667 0.07409558823529412 0.5674239583333333 0.15560294117647058 0.6242427083333334 0.15293014705882355 0.6151510416666667 0.08612132352941176 0.5596593750000001 0.08723345588235294 0.5575760416666667 0.07409558823529412
5 0.6348489583333333 0.15293014705882355 0.6651510416666666 0.14625 0.6916666666666667 0.1409044117647059 0.669696875 0.08879411764705883 0.620265625 0.08221875 0.6348489583333333 0.15293014705882355
5 0.709090625 0.49899816176470585 0.6719697916666667 0.3426654411764706 0.5901520833333334 0.3466746323529412 0.6030302083333333 0.49899816176470585 0.709090625 0.49899816176470585
5 0.38939375 0.512360294117647 0.4037875 0.33464889705882356 0.32424270833333335 0.3426654411764706 0.28257604166666667 0.5056783088235294 0.38939375 0.512360294117647
5 0.28257604166666667 0.49899816176470585 0.323484375 0.3386580882352941 0.24053020833333333 0.3295459558823529 0.17727291666666664 0.49231617647058823 0.28257604166666667 0.49899816176470585