5 0.25178541666666665 0.9965422794117648 0.37142812500000005 0.9965422794117648 0.4041666666666667 0.8306470588235294 0.3119052083333333 0.8337977941176471 0.25178541666666665 0.9965422794117648
5 0.623809375 0.9981617647058824 0.7434520833333333 0.9981617647058824 0.6797614583333333 0.8295974264705882 0.5922614583333333 0.8340330882352941 0.623809375 0.9981617647058824
5 0.6875 0.8400974264705882 0.746428125 0.9981617647058824 0.8684520833333333 0.9981617647058824 0.775 0.8337977941176471 0.6809520833333333 0.8390477941176471 0.6875 0.8400974264705882
5 0.6505947916666667 0.7351011029411765 0.7244052083333333 0.7288014705882353 0.6845239583333333 0.6521525735294118 0.6208333333333333 0.6532022058823529 0.6505947916666667 0.7351011029411765
5 0.6797614583333333 0.6500533088235294 0.6529760416666667 0.5954540441176471 0.603571875 0.5933547794117647 0.6202385416666666 0.6521525735294118 0.6797614583333333 0.6500533088235294
5 0.27857187499999997 0.7256507352941177 0.34940520833333333 0.72775 0.375 0.6574025735294118 0.319196875 0.6502095588235294 0.27857187499999997 0.7256507352941177
2 0.3854166666666667 0.7297794117647058 0.4197916666666667 0.7316176470588235 0.4270833333333333 0.6654411764705882 0.415625 0.6599264705882353 0.4083333333333333 0.6378676470588235 0.38125 0.6397058823529411 0.37604166666666666 0.6470588235294118 0.3770833333333333 0.7058823529411765 0.3854166666666667 0.7297794117647058
2 0.5979166666666667 0.7169117647058824 0.6333333333333333 0.7077205882352942 0.63125 0.6727941176470589 0.60625 0.6415441176470589 0.5708333333333333 0.6433823529411765 0.5708333333333333 0.6727941176470589 0.5979166666666667 0.7169117647058824
4 0.16666666666666666 0.9981617647058824 0.17291666666666666 0.9761029411764706 0.240625 0.8970588235294118 0.29791666666666666 0.8621323529411765 0.30520833333333336 0.8400735294117647 0.30416666666666664 0.8235294117647058 0.3020833333333333 0.8198529411764706 0.2677083333333333 0.84375 0.22395833333333334 0.8805147058823529 0.171875 0.9356617647058824 0.13125 0.9908088235294118 0.12708333333333333 0.9981617647058824 0.16666666666666666 0.9981617647058824
4 0.5895833333333333 0.6341911764705882 0.6020833333333333 0.6102941176470589 0.6020833333333333 0.5900735294117647 0.5916666666666667 0.5808823529411765 0.584375 0.5845588235294118 0.5729166666666666 0.6121323529411765 0.5604166666666667 0.625 0.5635416666666667 0.6488970588235294 0.5895833333333333 0.6341911764705882
10 0.35625 0.6470588235294118 0.3625 0.6415441176470589 0.37083333333333335 0.6158088235294118 0.3927083333333333 0.59375 0.38645833333333335 0.5863970588235294 0.36770833333333336 0.5992647058823529 0.3458333333333333 0.5955882352941176 0.32083333333333336 0.6268382352941176 0.3229166666666667 0.6488970588235294 0.35625 0.6470588235294118
6 0.7845239583333333 0.74875 0.675 0.5755055147058823 0.3318447916666667 0.5753676470588235 0.21071458333333334 0.7686985294117648 0.7845239583333333 0.74875
0 0.20833333333333334 0.7812996323529412 0.041071875 0.9981617647058824 0.9404760416666667 0.9981617647058824 0.788690625 0.7739485294117647 0.20610104166666668 0.7788860294117647 0.20833333333333334 0.7812996323529412