8 0.6041666666666666 0.8731617647058824 0.6395833333333333 0.9981617647058824 0.7166666666666667 0.9981617647058824 0.7166666666666667 0.9724264705882353 0.703125 0.9283088235294118 0.7020833333333333 0.8731617647058824 0.6833333333333333 0.8400735294117647 0.6625 0.8272058823529411 0.6375 0.8290441176470589 0.6270833333333333 0.8529411764705882 0.61875 0.8584558823529411 0.6219697916666667 0.8691158088235293 0.6219697916666667 0.8798051470588235 0.61060625 0.870452205882353 0.6041666666666666 0.8731617647058824
8 0.7177083333333333 0.9025735294117647 0.759375 0.9963235294117647 0.8364583333333333 0.9981617647058824 0.8364583333333333 0.9742647058823529 0.8114583333333333 0.9209558823529411 0.8020833333333334 0.8713235294117647 0.7739583333333333 0.8327205882352942 0.7385416666666667 0.8253676470588235 0.73125 0.8290441176470589 0.725 0.8511029411764706 0.7166666666666667 0.8602941176470589 0.7135416666666666 0.8713235294117647 0.7177083333333333 0.9025735294117647
5 0.3727270833333333 0.9981617647058824 0.4 0.8357113970588236 0.31590937500000005 0.8317040441176471 0.24924270833333334 0.9981617647058824 0.3727270833333333 0.9981617647058824
5 0.2522729166666667 0.9981617647058824 0.3098489583333333 0.8250220588235294 0.225 0.8303676470588236 0.225 0.8196783088235293 0.13484895833333335 0.9981617647058824 0.2522729166666667 0.9981617647058824
5 0.34787395833333334 0.7325312500000001 0.37536458333333333 0.6490882352941176 0.3164666666666667 0.6481636029411765 0.2721135416666666 0.7336599264705882 0.34787395833333334 0.7325312500000001
5 0.41468333333333335 0.7359136029411765 0.4309854166666666 0.6530349264705881 0.37880104166666667 0.6488694852941177 0.35011145833333335 0.7342224264705882 0.41468333333333335 0.7359136029411765
5 0.3761395833333333 0.6495974264705882 0.39456979166666667 0.5937279411764705 0.34580625 0.5916985294117647 0.3175854166666667 0.6435036764705881 0.3761395833333333 0.6495974264705882
5 0.5790229166666666 0.735 0.647071875 0.7335882352941177 0.620653125 0.6474558823529412 0.5624104166666667 0.6509448529411764 0.5790229166666666 0.735
5 0.6234552083333333 0.6502794117647059 0.6466718749999999 0.7314705882352941 0.7219270833333333 0.7342941176470589 0.6798958333333334 0.6502794117647059 0.6234552083333333 0.6502794117647059
5 0.6230541666666666 0.6467499999999999 0.6790958333333333 0.6474558823529412 0.6526760416666666 0.5937977941176471 0.6044406250000001 0.5944338235294118 0.6230541666666666 0.6467499999999999
5 0.5654125000000001 0.6502794117647059 0.6238552083333333 0.6523970588235294 0.6002375 0.5923860294117647 0.5514020833333333 0.5917849264705882 0.5654125000000001 0.6502794117647059
8 0.396875 0.6452205882352942 0.425 0.6488970588235294 0.4354166666666667 0.6397058823529411 0.44292291666666667 0.5966231617647059 0.43972083333333334 0.5895625 0.4165041666666667 0.5881507352941177 0.39375 0.6066176470588235 0.3927083333333333 0.6378676470588235 0.396875 0.6452205882352942
0 0.927928125 0.9981617647058824 0.7706427083333334 0.7776194852941176 0.20306770833333332 0.774047794117647 0.06544375 0.9981617647058824 0.927928125 0.9981617647058824
6 0.76178125 0.7489669117647059 0.6643083333333333 0.5744448529411764 0.32684687500000004 0.5796544117647059 0.21534375 0.7685018382352942 0.76178125 0.7489669117647059