5 0.2833333333333333 0.5112867647058823 0.3220239583333333 0.33909375 0.241071875 0.3416488970588235 0.176190625 0.5049871323529412 0.2833333333333333 0.5112867647058823
5 0.2803572916666666 0.5102371323529412 0.3880947916666667 0.5060367647058823 0.4077385416666666 0.34119301470588237 0.3229166666666667 0.3403363970588235 0.2803572916666666 0.5102371323529412
5 0.21726145833333332 0.7874283088235294 0.2827385416666666 0.5060367647058823 0.180059375 0.5057775735294117 0.076190625 0.7884779411764706 0.21726145833333332 0.7874283088235294
5 0.21785729166666667 0.7811286764705883 0.35238125 0.785329044117647 0.3869052083333333 0.5112867647058823 0.2849697916666667 0.5031507352941177 0.21785729166666667 0.7811286764705883
5 0.9154760416666666 0.782235294117647 0.8196427083333333 0.5071433823529412 0.7142854166666667 0.5136562499999999 0.776190625 0.7811856617647058 0.9154760416666666 0.782235294117647
5 0.713690625 0.50609375 0.6720239583333334 0.3349503676470588 0.5892854166666667 0.3416488970588235 0.6095239583333334 0.5102941176470589 0.713690625 0.50609375
5 0.34880937500000003 0.2507261029411765 0.36845208333333335 0.1562279411764706 0.303571875 0.15651286764705882 0.27023854166666667 0.24652573529411767 0.34880937500000003 0.2507261029411765
5 0.6273812499999999 0.15412867647058826 0.6142854166666667 0.08903125 0.5595239583333333 0.09086213235294117 0.5684520833333334 0.15937867647058823 0.6273812499999999 0.15412867647058826
5 0.6952385416666667 0.15412867647058826 0.6702385416666666 0.09008088235294118 0.6172614583333333 0.08693014705882353 0.6303572916666667 0.15937867647058823 0.6952385416666667 0.15412867647058826
10 0.6572916666666667 0.6121323529411765 0.6583333333333333 0.6231617647058824 0.6479166666666667 0.6893382352941176 0.6427083333333333 0.7077205882352942 0.6375 0.7113970588235294 0.6354166666666666 0.7702205882352942 0.6427083333333333 0.7849264705882353 0.7270833333333333 0.7830882352941176 0.6677083333333333 0.7169117647058824 0.6739583333333333 0.7077205882352942 0.671875 0.6819852941176471 0.675 0.65625 0.6802083333333333 0.6488970588235294 0.678125 0.6397058823529411 0.6875 0.6268382352941176 0.7135416666666666 0.6194852941176471 0.7270833333333333 0.5955882352941176 0.7270833333333333 0.5661764705882353 0.7197916666666667 0.5404411764705882 0.6979166666666666 0.5091911764705882 0.6833333333333333 0.5036764705882353 0.653125 0.5091911764705882 0.6375 0.5404411764705882 0.6395833333333333 0.5753676470588235 0.6572916666666667 0.6121323529411765
4 0.5791666666666667 0.24632352941176472 0.6072916666666667 0.22426470588235295 0.6177083333333333 0.20955882352941177 0.628125 0.1801470588235294 0.628125 0.1488970588235294 0.6072916666666667 0.1488970588235294 0.5979166666666667 0.19117647058823528 0.5760416666666667 0.21507352941176472 0.575 0.23345588235294118 0.5791666666666667 0.24632352941176472
4 0.65 0.24448529411764705 0.6625 0.24448529411764705 0.6864583333333333 0.21875 0.696875 0.18933823529411764 0.696875 0.15625 0.6875 0.14338235294117646 0.6670677083333333 0.1630643382352941 0.6673854166666667 0.18268566176470588 0.6553083333333334 0.20510845588235294 0.65 0.24448529411764705
2 0.36770833333333336 0.18933823529411764 0.378125 0.23713235294117646 0.384375 0.24448529411764705 0.415625 0.24448529411764705 0.4197916666666667 0.22426470588235295 0.41354166666666664 0.20404411764705882 0.41770833333333335 0.18382352941176472 0.40208333333333335 0.14705882352941177 0.3697916666666667 0.14705882352941177 0.36666666666666664 0.15257352941176472 0.36770833333333336 0.18933823529411764
8 0.32395833333333335 0.14705882352941177 0.33229166666666665 0.15441176470588236 0.353125 0.15441176470588236 0.3697916666666667 0.13786764705882354 0.3802083333333333 0.09558823529411764 0.371875 0.08823529411764706 0.34270833333333334 0.08639705882352941 0.321875 0.10110294117647059 0.32083333333333336 0.14154411764705882 0.32395833333333335 0.14705882352941177
8 0.3854166666666667 0.13970588235294118 0.40520833333333334 0.15441176470588236 0.41770833333333335 0.15441176470588236 0.43125 0.13786764705882354 0.43854166666666666 0.0974264705882353 0.42916666666666664 0.08639705882352941 0.40729166666666666 0.08455882352941177 0.384375 0.10294117647058823 0.38229166666666664 0.12316176470588236 0.3854166666666667 0.13970588235294118
8 0.709375 0.4375 0.7208333333333333 0.47610294117647056 0.740625 0.5018382352941176 0.7885416666666667 0.5018382352941176 0.7885416666666667 0.4852941176470588 0.79375 0.4797794117647059 0.7885416666666667 0.46139705882352944 0.7958333333333333 0.44669117647058826 0.7770833333333333 0.38878676470588236 0.7760416666666666 0.3713235294117647 0.7666666666666667 0.36213235294117646 0.759375 0.34375 0.7291666666666666 0.33639705882352944 0.7125 0.3400735294117647 0.7083333333333334 0.3492647058823529 0.7041666666666667 0.34558823529411764 0.703125 0.3584558823529412 0.6958333333333333 0.3713235294117647 0.696875 0.41911764705882354 0.709375 0.4375
7 0.46875 0.47610294117647056 0.46875 0.5091911764705882 0.46458333333333335 0.5202205882352942 0.4666666666666667 0.5643382352941176 0.4583333333333333 0.6029411764705882 0.4635416666666667 0.6286764705882353 0.46041666666666664 0.6525735294117647 0.4635416666666667 0.6691176470588235 0.471875 0.6801470588235294 0.528125 0.7132352941176471 0.5625 0.7205882352941176 0.5666666666666667 0.7095588235294118 0.5291666666666667 0.49816176470588236 0.5385416666666667 0.45036764705882354 0.5208333333333334 0.4227941176470588 0.5125 0.39338235294117646 0.5208333333333334 0.3805147058823529 0.525 0.3602941176470588 0.51875 0.3290441176470588 0.51875 0.2959558823529412 0.5385416666666667 0.16911764705882354 0.5375 0.13051470588235295 0.525 0.0974264705882353 0.5177083333333333 0.10294117647058823 0.48854166666666665 0.25183823529411764 0.47604166666666664 0.3400735294117647 0.478125 0.3713235294117647 0.4708333333333333 0.3897058823529412 0.4666666666666667 0.38786764705882354 0.46458333333333335 0.4099264705882353 0.47604166666666664 0.45036764705882354 0.46875 0.47610294117647056
0 0 0.9219117647058823 0.9989583333333333 0.9456176470588237 0.795990625 0.28420220588235295 0.211390625 0.2898529411764706 0 0.9219117647058823
6 0.796584375 0.2812077205882353 0.6923072916666667 0.060101102941176474 0.3059958333333333 0.06698161764705883 0.21144479166666666 0.2897867647058824 0.796584375 0.2812077205882353