8 0.6270833333333333 0.9448529411764706 0.6364583333333333 0.9981617647058824 0.7208333333333333 0.9981617647058824 0.7166666666666667 0.8915441176470589 0.69375 0.8584558823529411 0.6489583333333333 0.8529411764705882 0.621875 0.9099264705882353 0.621875 0.9375 0.6270833333333333 0.9448529411764706
8 0.75625 0.9981617647058824 0.8458333333333333 0.9981617647058824 0.8270833333333333 0.9025735294117647 0.7947916666666667 0.8566176470588235 0.75 0.8547794117647058 0.73125 0.8915441176470589 0.7354166666666667 0.9375 0.75625 0.9981617647058824
7 0.434375 0.9338235294117647 0.41354166666666664 0.9981617647058824 0.46979166666666666 0.9981617647058824 0.4895833333333333 0.9613970588235294 0.4947916666666667 0.9411764705882353 0.490625 0.9246323529411765 0.5135416666666667 0.78125 0.540625 0.7132352941176471 0.5541666666666667 0.65625 0.5604166666666667 0.6525735294117647 0.5572916666666666 0.6360294117647058 0.5479166666666667 0.6305147058823529 0.5322916666666667 0.6525735294117647 0.5104166666666666 0.7132352941176471 0.475 0.7757352941176471 0.4666666666666667 0.8088235294117647 0.45208333333333334 0.8400735294117647 0.446875 0.9136029411764706 0.434375 0.9338235294117647
2 0.60625 0.7316176470588235 0.6364583333333333 0.7242647058823529 0.6416666666666667 0.7169117647058824 0.6427083333333333 0.6893382352941176 0.6114583333333333 0.6507352941176471 0.590625 0.6507352941176471 0.5770833333333333 0.6599264705882353 0.5760416666666667 0.6801470588235294 0.60625 0.7316176470588235
10 0.6489583333333333 0.7205882352941176 0.6614583333333334 0.7426470588235294 0.69375 0.7518382352941176 0.7052083333333333 0.7463235294117647 0.7083333333333334 0.7371323529411765 0.7083333333333334 0.7224264705882353 0.6885416666666667 0.6838235294117647 0.6885416666666667 0.6599264705882353 0.684375 0.6617647058823529 0.6802083333333333 0.6856617647058824 0.653125 0.6985294117647058 0.6489583333333333 0.7058823529411765 0.6489583333333333 0.7205882352941176
5 0.3674239583333333 0.9961433823529413 0.3901510416666667 0.8625275735294117 0.2992427083333334 0.8492647058823529 0.240909375 0.9981617647058824 0.3674239583333333 0.9961433823529413
5 0.22727291666666666 0.9981617647058824 0.2924239583333333 0.8518382352941176 0.20075729166666667 0.8492647058823529 0.12196979166666666 0.9974797794117647 0.22727291666666666 0.9981617647058824
8 0.2875 0.7444852941176471 0.3 0.7518382352941176 0.3260416666666667 0.7481617647058824 0.3416666666666667 0.7261029411764706 0.3614583333333333 0.6727941176470589 0.35104166666666664 0.6599264705882353 0.325 0.6599264705882353 0.2947916666666667 0.6801470588235294 0.28541666666666665 0.7003676470588235 0.2833333333333333 0.7352941176470589 0.2875 0.7444852941176471
2 0.37083333333333335 0.7316176470588235 0.39166666666666666 0.7316176470588235 0.41354166666666664 0.7205882352941176 0.4125 0.6856617647058824 0.4010416666666667 0.6507352941176471 0.371875 0.6507352941176471 0.36666666666666664 0.6580882352941176 0.365625 0.7003676470588235 0.37083333333333335 0.7316176470588235
2 0.5979166666666667 0.6397058823529411 0.609375 0.6139705882352942 0.6083333333333333 0.5955882352941176 0.5885416666666666 0.5955882352941176 0.5802083333333333 0.6213235294117647 0.5677083333333334 0.6360294117647058 0.56875 0.6580882352941176 0.5979166666666667 0.6397058823529411
0 0.958396875 0.992873161764706 0.796215625 0.7911213235294118 0.1860770833333333 0.77115625 0.026051041666666667 0.9901102941176471 0.958396875 0.992873161764706
6 0.7640927083333333 0.7579577205882353 0.6873114583333333 0.5714044117647059 0.3104552083333333 0.5689466911764706 0.21722083333333334 0.7317022058823529 0.7640927083333333 0.7579577205882353