5 0.6462125000000001 0.7755845588235294 0.773484375 0.77959375 0.71060625 0.5110238970588236 0.61060625 0.5043419117647059 0.6462125000000001 0.7755845588235294
5 0.7136364583333333 0.5030055147058823 0.7787875 0.7809283088235294 0.9113635416666667 0.7809283088235294 0.8166666666666667 0.5016691176470589 0.7159093750000001 0.5033419117647059 0.7136364583333333 0.5030055147058823
5 0.7128791666666667 0.5056783088235294 0.6689395833333334 0.33999448529411763 0.59375 0.3362297794117647 0.6068177083333333 0.5016691176470589 0.7128791666666667 0.5056783088235294
8 0.7208333333333333 0.4742647058823529 0.7510416666666667 0.5018382352941176 0.7729166666666667 0.5 0.7875 0.48161764705882354 0.7875 0.44669117647058826 0.7791666666666667 0.3786764705882353 0.7614583333333333 0.34558823529411764 0.721875 0.33639705882352944 0.7 0.3694852941176471 0.696875 0.3952205882352941 0.7208333333333333 0.4742647058823529
7 0.398484375 0.5484356617647058 0.4401510416666667 0.5738235294117647 0.4507572916666666 0.5858492647058824 0.45729166666666665 0.5955882352941176 0.475 0.6011029411764706 0.4791666666666667 0.5955882352941176 0.48333333333333334 0.5643382352941176 0.4791666666666667 0.45955882352941174 0.49583333333333335 0.4099264705882353 0.484375 0.38235294117647056 0.48333333333333334 0.36580882352941174 0.49895833333333334 0.34191176470588236 0.5 0.31433823529411764 0.50625 0.28860294117647056 0.540625 0.20220588235294118 0.5572916666666666 0.14338235294117646 0.5520833333333334 0.13051470588235295 0.534375 0.14522058823529413 0.4739583333333333 0.2775735294117647 0.45625 0.3382352941176471 0.45625 0.38419117647058826 0.398484375 0.5484356617647058
5 0.3477270833333333 0.7782573529411765 0.38712083333333336 0.5016691176470589 0.280303125 0.5083547794117648 0.21666666666666667 0.7849375 0.3477270833333333 0.7782573529411765
5 0.21666666666666667 0.7769209558823529 0.28106041666666665 0.5043419117647059 0.17708333333333334 0.5016709558823529 0.07803020833333334 0.7782573529411765 0.21666666666666667 0.7769209558823529
5 0.28257604166666667 0.5043419117647059 0.319696875 0.34132904411764703 0.23958333333333334 0.33957169117647057 0.17727291666666664 0.49899816176470585 0.28257604166666667 0.5043419117647059
5 0.3848489583333333 0.5016691176470589 0.40757604166666667 0.3440018382352941 0.3257572916666666 0.3362297794117647 0.28106041666666665 0.5003345588235294 0.3848489583333333 0.5016691176470589
0 0 0.82903125 0.9989583333333333 0.8410569852941177 0.7795458333333334 0.283875 0.20757604166666666 0.283875 0 0.82903125
6 0.7704541666666667 0.2770110294117647 0.6878791666666667 0.04986213235294118 0.301515625 0.06188786764705883 0.3020833333333333 0.06216544117647058 0.21666666666666667 0.26498529411764704 0.7704541666666667 0.2770110294117647
2 0.378125 0.22977941176470587 0.41770833333333335 0.21875 0.41354166666666664 0.20404411764705882 0.4166666666666667 0.18198529411764705 0.4 0.14338235294117646 0.36875 0.14705882352941177 0.36875 0.18382352941176472 0.378125 0.22977941176470587
8 0.32083333333333336 0.14338235294117646 0.328125 0.15257352941176472 0.36041666666666666 0.15257352941176472 0.36770833333333336 0.13786764705882354 0.3625 0.11213235294117647 0.36875 0.09191176470588236 0.34270833333333334 0.08639705882352941 0.3260416666666667 0.08823529411764706 0.321875 0.09558823529411764 0.3177083333333333 0.1213235294117647 0.32083333333333336 0.14338235294117646
8 0.415625 0.15257352941176472 0.43020833333333336 0.13786764705882354 0.4375 0.09558823529411764 0.4270833333333333 0.08639705882352941 0.40729166666666666 0.08455882352941177 0.3854166666666667 0.10477941176470588 0.38645833333333335 0.13786764705882354 0.415625 0.15257352941176472
4 0.5989583333333334 0.19117647058823528 0.5760416666666667 0.21691176470588236 0.5802083333333333 0.24448529411764705 0.609375 0.22058823529411764 0.6260416666666667 0.18566176470588236 0.6270833333333333 0.14705882352941177 0.6104166666666667 0.14705882352941177 0.6041666666666666 0.15441176470588236 0.6052083333333333 0.17647058823529413 0.5989583333333334 0.19117647058823528
4 0.6479166666666667 0.22242647058823528 0.653125 0.24448529411764705 0.6635416666666667 0.2426470588235294 0.6833333333333333 0.22058823529411764 0.696875 0.18933823529411764 0.69375 0.1488970588235294 0.6802083333333333 0.14705882352941177 0.671875 0.15441176470588236 0.6583333333333333 0.20772058823529413 0.6479166666666667 0.22242647058823528
5 0.34242395833333333 0.24494301470588234 0.36666666666666664 0.1594283088235294 0.30587083333333337 0.15961029411764707 0.2719697916666667 0.24093382352941178 0.34242395833333333 0.24494301470588234
5 0.623484375 0.1433952205882353 0.6128791666666668 0.08861213235294117 0.5621208333333333 0.09128308823529412 0.5674239583333333 0.1594283088235294 0.623484375 0.1433952205882353
5 0.6681822916666668 0.15274816176470588 0.6863635416666667 0.1393860294117647 0.669696875 0.08593933823529411 0.6242427083333334 0.09128308823529412 0.63560625 0.16076470588235295 0.6681822916666668 0.15274816176470588