1 0.284375 0.7444852941176471 0.29791666666666666 0.7628676470588235 0.33229166666666665 0.7702205882352942 0.346875 0.7702205882352942 0.35104166666666664 0.7628676470588235 0.36041666666666666 0.6691176470588235 0.3104166666666667 0.5257352941176471 0.2875 0.5 0.25625 0.5036764705882353 0.2375 0.5202205882352942 0.21979166666666666 0.5606617647058824 0.22395833333333334 0.6305147058823529 0.284375 0.7444852941176471
1 0.328125 0.45588235294117646 0.3375 0.46875 0.359375 0.4797794117647059 0.37604166666666666 0.4742647058823529 0.3875 0.44485294117647056 0.3885416666666667 0.4117647058823529 0.36875 0.30330882352941174 0.3572916666666667 0.2702205882352941 0.34479166666666666 0.25735294117647056 0.32916666666666666 0.2555147058823529 0.30833333333333335 0.2665441176470588 0.296875 0.28860294117647056 0.29583333333333334 0.3235294117647059 0.328125 0.45588235294117646
10 0.30520833333333336 0.13051470588235295 0.3385416666666667 0.12867647058823528 0.34791666666666665 0.11764705882352941 0.353125 0.0900735294117647 0.37604166666666666 0.058823529411764705 0.37083333333333335 0.051470588235294115 0.34479166666666666 0.07904411764705882 0.315625 0.08455882352941177 0.3 0.10294117647058823 0.2989583333333333 0.11764705882352941 0.30520833333333336 0.13051470588235295
8 0.6270833333333333 0.6470588235294118 0.6489583333333333 0.7095588235294118 0.665625 0.7408088235294118 0.6875 0.7610294117647058 0.7166666666666667 0.7628676470588235 0.7375 0.7242647058823529 0.7395833333333334 0.6875 0.7333333333333333 0.6525735294117647 0.7260416666666667 0.6397058823529411 0.7229166666666667 0.5992647058823529 0.73125 0.5827205882352942 0.7322916666666667 0.5588235294117647 0.7291666666666666 0.5367647058823529 0.7208333333333333 0.5275735294117647 0.7197916666666667 0.5165441176470589 0.6979166666666666 0.4963235294117647 0.6729166666666667 0.49264705882352944 0.6604166666666667 0.5 0.6229166666666667 0.5772058823529411 0.6229166666666667 0.6268382352941176 0.6270833333333333 0.6470588235294118
1 0.7635416666666667 0.47794117647058826 0.7864583333333334 0.4852941176470588 0.803125 0.4742647058823529 0.8645833333333334 0.34558823529411764 0.8708333333333333 0.31433823529411764 0.86875 0.28860294117647056 0.840625 0.25919117647058826 0.8083333333333333 0.2610294117647059 0.7875 0.29044117647058826 0.7489583333333333 0.40625 0.7510416666666667 0.4577205882352941 0.7635416666666667 0.47794117647058826
4 0.6020833333333333 0.10661764705882353 0.6166666666666667 0.07536764705882353 0.615625 0.051470588235294115 0.596875 0.05330882352941176 0.5854166666666667 0.0900735294117647 0.5677083333333334 0.10294117647058823 0.5697916666666667 0.13051470588235295 0.6020833333333333 0.10661764705882353
2 0.6385416666666667 0.10294117647058823 0.6541666666666667 0.11948529411764706 0.665625 0.1213235294117647 0.6864583333333333 0.11029411764705882 0.6895833333333333 0.08088235294117647 0.665625 0.04595588235294118 0.6322916666666667 0.04779411764705882 0.628125 0.06066176470588235 0.628125 0.08088235294117647 0.6385416666666667 0.10294117647058823
7 0.4395833333333333 0.3952205882352941 0.39479166666666665 0.5441176470588235 0.434375 0.5716911764705882 0.47708333333333336 0.5863970588235294 0.48020833333333335 0.48161764705882354 0.5322916666666667 0.20404411764705882 0.5614583333333333 0.11580882352941177 0.559375 0.09926470588235294 0.5479166666666667 0.09926470588235294 0.5364583333333334 0.11948529411764706 0.47708333333333336 0.25 0.45729166666666665 0.30514705882352944 0.44895833333333335 0.37683823529411764 0.4395833333333333 0.3952205882352941
5 0.28863645833333335 0.31059742647058824 0.23178772083333332 0.314405637867647 0.17121250000000002 0.5043419117647059 0.2772729166666667 0.48830882352941174 0.30227291666666667 0.3880955882352941 0.2848489583333333 0.3359852941176471 0.28863645833333335 0.31059742647058824
5 0.22045416666666667 0.7662316176470588 0.23181770833333332 0.6740349264705883 0.21212083333333334 0.6005459558823529 0.21742395833333333 0.5337371323529412 0.23257604166666665 0.5070147058823529 0.26439375000000004 0.48563602941176465 0.16761354166666667 0.5100275735294117 0.076515625 0.7702389705882353 0.22045416666666667 0.7662316176470588
5 0.6674239583333333 0.48830882352941174 0.71060625 0.49231617647058823 0.6734854166666667 0.3079264705882353 0.5871208333333333 0.3178474264705882 0.605303125 0.4949889705882353 0.6674239583333333 0.48830882352941174
5 0.7204541666666666 0.49766176470588236 0.7780302083333334 0.7675680147058824 0.91439375 0.7689044117647059 0.8212125 0.48830882352941174 0.7215906249999999 0.49832904411764706 0.7204541666666666 0.49766176470588236
5 0.6325760416666667 0.13288786764705882 0.5721497468750001 0.1356434669117647 0.5757572916666667 0.14625 0.5718961364583334 0.13565503125 0.5714740322916666 0.13567428125 0.5757572916666667 0.22508272058823528 0.6537875 0.22775551470588234 0.6325760416666667 0.13288786764705882
5 0.66439375 0.2197389705882353 0.725 0.21572977941176472 0.6962125 0.13155147058823527 0.6416666666666667 0.13021507352941178 0.66439375 0.2197389705882353
5 0.41818229166666665 0.22107536764705882 0.42727291666666667 0.13155147058823527 0.369696875 0.1262058823529412 0.34393958333333335 0.22107536764705882 0.41818229166666665 0.22107536764705882
5 0.3325760416666667 0.22374632352941176 0.359090625 0.13021507352941178 0.2992427083333334 0.13402389705882353 0.26818229166666663 0.22107536764705882 0.3325760416666667 0.22374632352941176
4 0.4318177083333333 0.1275422794117647 0.4348489583333333 0.060735294117647054 0.38787916666666666 0.05672610294117647 0.36666666666666664 0.13155147058823527 0.4318177083333333 0.1275422794117647
9 0.3825760416666667 0.6326139705882353 0.38560625000000004 0.9011838235294118 0.6454541666666667 0.9118731617647059 0.6189395833333333 0.6326139705882353 0.38409062499999996 0.6379595588235294 0.3825760416666667 0.6326139705882353