5 0.19696979166666667 0.6392959558823529 0.21212083333333334 0.5417555147058823 0.198484375 0.5457628676470588 0.173484375 0.48563602941176465 0.173484375 0.41882720588235295 0.18560625 0.37874264705882354 0.20833333333333334 0.35201838235294114 0.24015104166666665 0.3466746323529412 0.24393958333333332 0.3186158088235294 0.12424270833333333 0.3159430147058823 0.053030208333333335 0.6236636029411765 0.19696979166666667 0.6392959558823529
5 0.2469697916666667 0.32128676470588236 0.280303125 0.11017279411764705 0.176515625 0.1115091911764706 0.13484895833333335 0.3092610294117647 0.2469697916666667 0.32128676470588236
5 0.2833333333333333 0.11418198529411765 0.25 0.3159430147058823 0.3598489583333333 0.3119338235294118 0.36212083333333334 0.28521139705882353 0.36363645833333336 0.2197389705882353 0.3787875 0.21305698529411765 0.38636354166666664 0.10482720588235295 0.28125 0.10227205882352941 0.2833333333333333 0.11418198529411765
5 0.626515625 0.31327022058823534 0.7431822916666667 0.32128676470588236 0.7083333333333334 0.10081985294117646 0.6075760416666667 0.10349264705882352 0.6181822916666667 0.21706617647058823 0.626515625 0.31327022058823534
5 0.6492427083333333 0.6312775735294118 0.7969697916666667 0.6352867647058824 0.7477270833333333 0.32663235294117643 0.6287874999999999 0.3195183823529412 0.6492427083333333 0.6312775735294118
5 0.8030302083333333 0.6326139705882353 0.93939375 0.6232610294117646 0.8689395833333333 0.3146066176470588 0.75189375 0.3211893382352941 0.8030302083333333 0.6326139705882353
1 0.78939375 0.26650367647058826 0.7871208333333333 0.2945643382352941 0.8219697916666667 0.31059742647058824 0.859090625 0.3119338235294118 0.8712125000000001 0.2731856617647059 0.88939375 0.2464613970588235 0.9181822916666668 0.20504044117647058 0.9265156250000001 0.15827389705882353 0.9462125 0.11017279411764705 0.9545458333333333 0.08077757352941176 0.9416666666666667 0.04470036764705882 0.8992427083333333 0.03000183823529412 0.8628791666666668 0.05271691176470589 0.8560604166666667 0.07944117647058824 0.8431822916666667 0.09681066176470587 0.819696875 0.14625 0.7973489583333334 0.2259356617647059 0.78939375 0.26650367647058826
0 0.004545833333333333 0.8076525735294118 0.9989583333333333 0.812998161764706 0.9989583333333333 0.5577886029411765 0.91439375 0.25715073529411764 0.9257572916666666 0.20637683823529412 0.9575760416666667 0.1368970588235294 0.9522729166666667 0.06741544117647058 0.9257572916666666 0.047373161764705886 0.9068177083333333 0.035347426470588236 0.884090625 0.03000183823529412 0.859090625 0.04470036764705882 0.8439395833333333 0.031338235294117646 0.13787916666666666 0.038020220588235294 0 0.5377463235294118 0.004545833333333333 0.8076525735294118
1 0.280303125 0.6152444852941176 0.28787916666666663 0.6125716911764706 0.30303020833333333 0.5871856617647059 0.3333333333333333 0.5377463235294118 0.33560625 0.5056783088235294 0.325 0.47494669117647054 0.30909062499999995 0.42016360294117644 0.28863645833333335 0.41348345588235297 0.26666666666666666 0.36003676470588236 0.225 0.36137316176470585 0.18787916666666668 0.3880955882352941 0.176515625 0.43352573529411764 0.18333333333333332 0.49097977941176474 0.2060604166666667 0.51503125 0.23106041666666668 0.5711507352941176 0.273484375 0.6165808823529412 0.280303125 0.6152444852941176
9 0.6401510416666666 0.6887334558823529 0.6174239583333333 0.22641911764705883 0.37348437500000004 0.2103860294117647 0.34242395833333333 0.7047683823529411 0.6401510416666666 0.6887334558823529
8 0.3545458333333333 0.6633455882352941 0.3545458333333333 0.7248106617647059 0.37651562499999996 0.7648952205882353 0.38409062499999996 0.7769209558823529 0.39393958333333334 0.7929540441176471 0.4166666666666667 0.7929540441176471 0.43712083333333335 0.7809283088235294 0.465909375 0.7528694852941176 0.49090937500000004 0.7381709558823529 0.5060604166666667 0.7154577205882353 0.51439375 0.6727003676470589 0.5219697916666667 0.6419669117647059 0.5280302083333334 0.6513216911764707 0.5401510416666666 0.6486488970588236 0.5598489583333334 0.6486488970588236 0.5931822916666667 0.6473125 0.6128791666666668 0.5791672794117647 0.6128791666666668 0.5203768382352941 0.615909375 0.4669301470588235 0.6030302083333333 0.44688786764705885 0.5962125 0.4388694852941177 0.5507572916666666 0.3961121323529412 0.5174239583333333 0.40012132352941177 0.4962125 0.4108106617647059 0.4848489583333333 0.43352573529411764 0.469696875 0.45490441176470586 0.4431822916666667 0.4709375 0.39772708333333334 0.5243841911764706 0.3772729166666667 0.5631341911764707 0.35075729166666664 0.6419669117647059 0.3545458333333333 0.6633455882352941
7 0.4424239583333333 0.20904963235294116 0.48712083333333334 0.21840257352941178 0.4954541666666667 0.20637683823529412 0.49090937500000004 0.1916783088235294 0.48106041666666666 0.15827389705882353 0.47575729166666664 0.11952573529411765 0.48863645833333336 0.12353492647058824 0.5030302083333333 0.10349264705882352 0.5022729166666667 0.06741544117647058 0.5060604166666667 0.03000183823529412 0.5037875 0.005952205882352941 0.4825760416666667 0.0006066176470588236 0.465909375 0.01664154411764706 0.4583333333333333 0.034011029411764704 0.4454541666666667 0.0821139705882353 0.44621249999999996 0.1075 0.448484375 0.15693933823529413 0.44166666666666665 0.1609466911764706 0.4299239583333333 0.20086948529411763 0.4424239583333333 0.20904963235294116