5 0.4401510416666667 0.5257205882352941 0.5530302083333333 0.38275183823529413 0.4924239583333333 0.2985716911764706 0.374053125 0.41811580882352944 0.4401510416666667 0.5257205882352941
5 0.5613635416666667 0.37606985294117645 0.6371208333333332 0.27719301470588237 0.575 0.21305698529411765 0.49337083333333337 0.3011360294117647 0.5613635416666667 0.37606985294117645
5 0.484090625 0.5805036764705882 0.5151510416666667 0.5364099264705883 0.5537875 0.5096875 0.5893937499999999 0.5043419117647059 0.6068177083333333 0.512360294117647 0.6242427083333334 0.48029044117647063 0.5568177083333333 0.3913768382352941 0.4424239583333333 0.5310661764705882 0.484090625 0.5805036764705882
5 0.63560625 0.27184926470588233 0.5537875 0.3800790441176471 0.6306822916666667 0.47326286764705877 0.7068177083333332 0.35469117647058823 0.63560625 0.27184926470588233
5 0.6901510416666666 0.20904963235294116 0.7386364583333334 0.14491360294117647 0.6780302083333333 0.09948345588235294 0.625 0.16076286764705883 0.6901510416666666 0.20904963235294116
5 0.6863635416666667 0.21439338235294117 0.755303125 0.26650367647058826 0.7568187500000001 0.2691764705882353 0.805303125 0.18633455882352942 0.7443177083333333 0.1473933823529412 0.6863635416666667 0.21439338235294117
5 0.7522729166666667 0.14491360294117647 0.8113635416666667 0.18633455882352942 0.8537874999999999 0.11952573529411765 0.7871208333333333 0.0821139705882353 0.749053125 0.1440514705882353 0.7522729166666667 0.14491360294117647
8 0.709375 0.11764705882352941 0.7270833333333333 0.12867647058823528 0.740625 0.12867647058823528 0.76875 0.09926470588235294 0.7708333333333334 0.07904411764705882 0.7520833333333333 0.058823529411764705 0.725 0.04779411764705882 0.7125 0.06433823529411764 0.703125 0.09191176470588236 0.703125 0.10661764705882353 0.709375 0.11764705882352941
8 0.7322916666666667 0.5404411764705882 0.74375 0.5238970588235294 0.7772729166666666 0.5083511029411765 0.8447916666666667 0.39889705882352944 0.8989583333333333 0.36213235294117646 0.9989583333333333 0.28921875 0.9989583333333333 0.24111764705882355 0.8375 0.3382352941176471 0.7791666666666667 0.37683823529411764 0.75625 0.4007352941176471 0.7416666666666667 0.4375 0.725 0.44669117647058826 0.7166666666666667 0.44822242647058824 0.6242427083333334 0.5230477941176471 0.684090625 0.6419669117647059 0.7322916666666667 0.5404411764705882
5 0.9989583333333333 0.9981617647058824 0.9989583333333333 0.9118731617647059 0.8674239583333333 0.7608860294117648 0.7969697916666667 0.9981617647058824 0.9989583333333333 0.9981617647058824
5 0.9954541666666666 0.9118731617647059 0.9989583333333333 0.6312775735294118 0.9375 0.5534761029411764 0.8719697916666667 0.7488602941176471 0.9954541666666666 0.9118731617647059
0 0.6464583333333334 0.9981617647058824 0.9964583333333333 0.9981617647058824 0.9989583333333333 0.5484356617647058 0.565909375 0.15693933823529413 0.3068177083333333 0.4064172794117647 0.6464583333333334 0.9981617647058824
6 0.9964583333333333 0.5230477941176471 0.9987312500000001 0.17430882352941177 0.7261927083333333 0.007018382352941176 0.5790343750000001 0.16896323529411764 0.9964583333333333 0.5230477941176471