0 0.9318177083333333 0.9981617647058824 0.8030302083333333 0.7715753676470589 0.20833333333333334 0.7590238970588236 0.034090625 0.9981617647058824 0.9318177083333333 0.9981617647058824
6 0.7833333333333333 0.7515330882352941 0.6727270833333333 0.5658069852941177 0.3361739583333333 0.5701875000000001 0.21439375000000002 0.7515330882352941 0.7833333333333333 0.7515330882352941
10 0.2989583333333333 0.7352941176470589 0.321875 0.7279411764705882 0.33125 0.7169117647058824 0.340625 0.6819852941176471 0.353125 0.6691176470588235 0.3541666666666667 0.6580882352941176 0.33030312500000003 0.6713639705882353 0.3072916666666667 0.6764705882352942 0.28020833333333334 0.7058823529411765 0.275 0.7316176470588235 0.2989583333333333 0.7352941176470589
10 0.3541666666666667 0.6433823529411765 0.3645833333333333 0.6341911764705882 0.36770833333333336 0.6194852941176471 0.38958333333333334 0.5992647058823529 0.390625 0.5900735294117647 0.3691125 0.5988511029411764 0.35738854166666667 0.6106213235294118 0.35378125 0.6115772058823529 0.3465666666666667 0.6093492647058824 0.321875 0.625 0.321875 0.6433823529411765 0.3541666666666667 0.6433823529411765
10 0.35265625 0.6092647058823529 0.0007604166666666856 0.003952205882352899
10 0.384375 0.6452205882352942 0.415625 0.6433823529411765 0.4239583333333333 0.6323529411764706 0.4270833333333333 0.6084558823529411 0.43333333333333335 0.6029411764705882 0.4 0.6084558823529411 0.38229166666666664 0.625 0.3802083333333333 0.6360294117647058 0.384375 0.6452205882352942
4 0.584375 0.6360294117647058 0.6020833333333333 0.6066176470588235 0.6010416666666667 0.5882352941176471 0.5916666666666667 0.5790441176470589 0.5833333333333334 0.5845588235294118 0.5697916666666667 0.6176470588235294 0.5604166666666667 0.6231617647058824 0.5635416666666667 0.6470588235294118 0.584375 0.6360294117647058
2 0.6416666666666667 0.6392610294117647 0.6645833333333333 0.6319080882352941 0.6677125 0.60825 0.659628125 0.6006746323529412 0.6485125 0.5877536764705882 0.6384072916666667 0.5792867647058824 0.6125 0.5859522058823529 0.6114583333333333 0.606172794117647 0.6416666666666667 0.6392610294117647
5 0.420140625 0.7316617647058824 0.4354135416666667 0.646860294117647 0.37545416666666664 0.6428511029411765 0.350565625 0.7326599264705882 0.420140625 0.7316617647058824
5 0.5782364583333333 0.736329044117647 0.6481645833333334 0.7392647058823529 0.6195270833333333 0.6499944852941176 0.5585895833333333 0.6487426470588236 0.5782364583333333 0.736329044117647
5 0.6488302083333333 0.7339797794117647 0.7234197916666666 0.7310441176470588 0.6801312500000001 0.6470588235294118 0.6239395833333333 0.6480073529411765 0.6488302083333333 0.7339797794117647
7 0.5010416666666667 0.7941176470588235 0.5416666666666666 0.6819852941176471 0.540625 0.6305147058823529 0.53125 0.6397058823529411 0.47708333333333336 0.7628676470588235 0.46212395833333336 0.7991139705882353 0.5010416666666667 0.7941176470588235
7 0.4417760416666667 0.9981617647058824 0.465625 0.9963235294117647 0.4739583333333333 0.9981617647058824 0.49166666666666664 0.9264705882352942 0.4360375 0.9233419117647059 0.40473333333333333 0.9981617647058824 0.4417760416666667 0.9981617647058824