5 0.744696875 0.9981617647058824 0.6863635416666667 0.8303676470588236 0.5893937499999999 0.8276948529411765 0.6221593750000001 0.9963235294117647 0.744696875 0.9981617647058824
5 0.7469697916666667 0.9981617647058824 0.86439375 0.9981617647058824 0.7742427083333333 0.8263584558823529 0.6903406249999999 0.8358952205882353 0.7469697916666667 0.9981617647058824
5 0.36666666666666664 0.9981617647058824 0.39924270833333336 0.8236856617647058 0.3181822916666667 0.8275404411764706 0.25075729166666666 0.9981617647058824 0.36666666666666664 0.9981617647058824
4 0.16666666666666666 0.9981617647058824 0.19015104166666666 0.9826911764705881 0.24545416666666667 0.9305808823529411 0.2989583333333333 0.8602941176470589 0.30520833333333336 0.8400735294117647 0.30416666666666664 0.8235294117647058 0.29791666666666666 0.8216911764705882 0.225 0.8786764705882353 0.17083333333333334 0.9356617647058824 0.13020833333333334 0.9926470588235294 0.128125 0.9981617647058824 0.16666666666666666 0.9981617647058824
2 0.38125 0.7132352941176471 0.40729166666666666 0.7113970588235294 0.42291666666666666 0.7003676470588235 0.4239583333333333 0.6691176470588235 0.41458333333333336 0.6599264705882353 0.409375 0.6397058823529411 0.378125 0.6433823529411765 0.37604166666666666 0.6801470588235294 0.38125 0.7132352941176471
2 0.5989583333333334 0.7169117647058824 0.6322916666666667 0.7058823529411765 0.63125 0.6727941176470589 0.6083333333333333 0.6433823529411765 0.59375 0.6378676470588235 0.5708333333333333 0.6415441176470589 0.5697916666666667 0.6691176470588235 0.5989583333333334 0.7169117647058824
0 0.95 0.9981617647058824 0.8075760416666667 0.7475257352941176 0.20833333333333334 0.7640367647058824 0.06363645833333334 0.9981617647058824 0.95 0.9981617647058824
6 0.7757572916666666 0.7421801470588235 0.665909375 0.5671415441176471 0.32803020833333335 0.5711507352941176 0.21969687499999999 0.7448529411764706 0.7757572916666666 0.7421801470588235
5 0.3704541666666667 0.6486488970588236 0.3954541666666667 0.595202205882353 0.34393958333333335 0.5858492647058824 0.34564374999999997 0.5885698529411765 0.31287916666666665 0.649985294117647 0.3704541666666667 0.6486488970588236
5 0.3462125 0.7301544117647059 0.37196979166666666 0.6486488970588236 0.317234375 0.6470588235294118 0.2757572916666666 0.7288180147058823 0.3462125 0.7301544117647059
5 0.4325760416666667 0.6486488970588236 0.44924270833333335 0.5898566176470589 0.401515625 0.5868988970588236 0.3810604166666666 0.6406323529411765 0.4325760416666667 0.6486488970588236
5 0.6772729166666667 0.6513216911764707 0.6522729166666666 0.5925294117647059 0.6060604166666667 0.5911930147058824 0.626515625 0.6539926470588235 0.6772729166666667 0.6513216911764707
5 0.6492427083333333 0.7341636029411764 0.7212125 0.7314908088235293 0.6833333333333333 0.65265625 0.6316291666666667 0.6570863970588235 0.6492427083333333 0.7341636029411764