1 0.7787875 0.9279080882352941 0.7863635416666667 0.9746727941176471 0.7962125 0.9973878676470588 0.8265156250000001 0.9981617647058824 0.8681822916666667 0.9981617647058824 0.8848489583333333 0.8918308823529412 0.8833333333333333 0.8383841911764707 0.8871208333333332 0.8063161764705883 0.8477270833333334 0.7689044117647059 0.8128791666666667 0.7582150735294118 0.7984854166666667 0.7809283088235294 0.7886364583333333 0.8490735294117647 0.78125 0.9378345588235294 0.7787875 0.9279080882352941
1 0.298484375 0.9973878676470588 0.3151510416666667 0.9981617647058824 0.35075729166666664 0.9981617647058824 0.369696875 0.9981617647058824 0.37348437500000004 0.9479503676470588 0.36363645833333336 0.787610294117647 0.35378750000000003 0.7608860294117648 0.32121249999999996 0.7595496323529412 0.29393958333333337 0.7849375 0.29015104166666666 0.8143327205882354 0.28560625 0.8464007352941176 0.298484375 0.9933805147058824 0.298484375 0.9973878676470588
0 0.954640625 0.9923235294117646 0.8955489583333333 0.9014632352941176 0.8993375 0.8440091911764707 0.8910041666666667 0.7812095588235294 0.8607010416666667 0.7437959558823529 0.844034375 0.7437959558823529 0.8129739583333334 0.7584944852941176 0.20236770833333334 0.7651746323529411 0.051609375 0.9830882352941176 0.954640625 0.9923235294117646
5 0.259375 0.9802977941176472 0.28816250000000004 0.9001286764705883 0.2836177083333334 0.8319834558823529 0.22793541666666667 0.8209889705882353 0.12982916666666666 0.9909871323529411 0.259375 0.9802977941176472
5 0.34801145833333336 0.7344430147058824 0.37831458333333334 0.6462555147058824 0.314109375 0.6471930147058823 0.27376875 0.7317702205882354 0.34801145833333336 0.7344430147058824
5 0.354071875 0.7317702205882354 0.41846562499999995 0.7317702205882354 0.43058749999999996 0.6538768382352941 0.3798291666666667 0.6462555147058824 0.354071875 0.7317702205882354
5 0.3964958333333334 0.5874650735294118 0.37755729166666663 0.6475919117647059 0.4366479166666667 0.6475919117647059 0.44573854166666665 0.5970588235294118 0.3964958333333334 0.5874650735294118
5 0.5614239583333334 0.6506231617647059 0.5605501166666667 0.649993119485294 0.5753874999999999 0.7314080882352941 0.6488583333333333 0.7337536764705882 0.6202677083333333 0.6493180147058824 0.5614239583333334 0.6506231617647059
5 0.39090208333333337 0.5983253676470588 0.3928770833333333 0.5918933823529412 0.39105416666666665 0.5889448529411765 0.38816666666666666 0.5862647058823529 0.3822395833333333 0.591625 0.3743375 0.5977904411764705 0.35959583333333334 0.6111911764705882 0.356253125 0.6136029411764706 0.3472864583333333 0.6117279411764706 0.3399927083333333 0.61253125 0.334065625 0.6141397058823529 0.3240354166666667 0.6213768382352941 0.3191729166666667 0.6288823529411766 0.32175625 0.6404080882352942 0.32494791666666667 0.6417481617647058 0.3337614583333333 0.6430882352941176 0.3462229166666667 0.6436231617647058 0.34819895833333336 0.6430882352941176 0.35594895833333334 0.6387996323529412 0.364459375 0.6318308823529412 0.36700520833333333 0.6188933823529412 0.3788958333333333 0.6074393382352942 0.39090208333333337 0.5983253676470588
4 0.560784375 0.6436231617647058 0.563215625 0.6503253676470588 0.5677749999999999 0.648983455882353 0.5712697916666667 0.643891544117647 0.5781083333333333 0.6377261029411765 0.5834270833333334 0.6318308823529412 0.5901135416666666 0.6251286764705882 0.593609375 0.6205735294117647 0.5966489583333333 0.6144080882352941 0.6007520833333333 0.6044908088235295 0.602271875 0.5926966911764706 0.6001437500000001 0.5876047794117647 0.5916333333333333 0.5859963235294118 0.584946875 0.5892132352941176 0.5826677083333334 0.591625 0.5799322916666667 0.5999338235294117 0.5794760416666667 0.6069025735294117 0.5735489583333333 0.6117279411764706 0.5700541666666666 0.6194999999999999 0.5635197916666667 0.6251286764705882 0.5612395833333333 0.6309613970588235 0.560784375 0.6436231617647058
2 0.6395041666666667 0.6363860294117647 0.6668583333333333 0.6307573529411765 0.6685302083333333 0.6063676470588235 0.6373760416666666 0.5795643382352942 0.6130614583333334 0.5849246323529412 0.6118458333333333 0.6055625 0.6395041666666667 0.6356544117647058 0.6395041666666667 0.6363860294117647
5 0.64891875 0.7304669117647059 0.7233833333333333 0.7331470588235294 0.679928125 0.6495202205882353 0.6227874999999999 0.6514099264705883 0.64891875 0.7304669117647059
6 0.78394375 0.7658988970588235 0.6753666666666667 0.5558180147058823 0.336265625 0.5544448529411765 0.202975 0.7687573529411765 0.78394375 0.7658988970588235
0 0.963040625 0.9981617647058824 0.8889927083333333 0.9150863970588236 0.8986093749999999 0.8234944852941176 0.8774520833333334 0.7590422794117647 0.82936875 0.7386875 0.18704479166666665 0.7590422794117647 0.011395833333333332 0.9981617647058824 0.963040625 0.9981617647058824