7 0.4125 0.59375 0.41770833333333335 0.6084558823529411 0.465625 0.6415441176470589 0.490625 0.6452205882352942 0.5 0.6415441176470589 0.5041666666666667 0.6213235294117647 0.49583333333333335 0.5110294117647058 0.50625 0.4319852941176471 0.50625 0.3180147058823529 0.5197916666666667 0.2555147058823529 0.5395833333333333 0.19852941176470587 0.55 0.14522058823529413 0.55 0.13419117647058823 0.540625 0.11397058823529412 0.5322916666666667 0.11580882352941177 0.5208333333333334 0.17095588235294118 0.48854166666666665 0.24816176470588236 0.4625 0.33455882352941174 0.45625 0.4099264705882353 0.4125 0.59375
10 0.30520833333333336 0.14522058823529413 0.309375 0.15257352941176472 0.3385416666666667 0.15441176470588236 0.346875 0.1488970588235294 0.36354166666666665 0.10477941176470588 0.3770833333333333 0.09375 0.378125 0.08639705882352941 0.37083333333333335 0.07904411764705882 0.3458333333333333 0.10661764705882353 0.31145833333333334 0.11580882352941177 0.30520833333333336 0.12683823529411764 0.30520833333333336 0.14522058823529413
4 0.5677083333333334 0.15441176470588236 0.5947916666666667 0.13786764705882354 0.6135416666666667 0.10477941176470588 0.6135416666666667 0.08272058823529412 0.5947916666666667 0.07904411764705882 0.5854166666666667 0.10845588235294118 0.565625 0.13051470588235295 0.5635416666666667 0.14522058823529413 0.5677083333333334 0.15441176470588236
2 0.646875 0.13786764705882354 0.6541666666666667 0.14338235294117646 0.68125 0.13419117647058823 0.6854166666666667 0.10477941176470588 0.665625 0.07904411764705882 0.6489583333333333 0.07352941176470588 0.6270833333333333 0.08088235294117647 0.6239583333333333 0.10661764705882353 0.646875 0.13786764705882354
5 0.6030302083333333 0.5016691176470589 0.7128791666666667 0.5136948529411764 0.6712125 0.3386580882352941 0.5878791666666667 0.33999448529411763 0.6030302083333333 0.5016691176470589
5 0.6787875 0.34132904411764703 0.7128791666666667 0.5163676470588235 0.8098489583333334 0.49231617647058823 0.7575760416666667 0.3359852941176471 0.686553125 0.3379007352941177 0.6787875 0.34132904411764703
5 0.6138561406249999 0.5084517977941176 0.6126895833333333 0.5100275735294117 0.6431822916666667 0.7916176470588235 0.7681822916666667 0.7849375 0.71060625 0.512360294117647 0.6138561406249999 0.5084517977941176
5 0.9121208333333333 0.782264705882353 0.815909375 0.5056783088235294 0.719696875 0.5183823529411765 0.780303125 0.7849375 0.9121208333333333 0.782264705882353
5 0.348484375 0.7889466911764706 0.38181770833333334 0.5043419117647059 0.28125 0.5100275735294117 0.21515104166666665 0.7862738970588236 0.348484375 0.7889466911764706
5 0.21439375000000002 0.782264705882353 0.28257604166666667 0.5083511029411765 0.17897708333333334 0.5050128676470588 0.0787875 0.782264705882353 0.21439375000000002 0.782264705882353
5 0.280303125 0.5003345588235294 0.3204541666666667 0.33999448529411763 0.240909375 0.3440018382352941 0.180303125 0.5016691176470589 0.280303125 0.5003345588235294
5 0.3810604166666666 0.49632536764705876 0.4045458333333333 0.3386580882352941 0.32386354166666664 0.34291360294117645 0.284090625 0.5030055147058823 0.3810604166666666 0.49632536764705876
0 0.003030208333333333 0.91721875 0.9989583333333333 0.9372610294117647 0.9939395833333333 0.7982996323529411 0.8212125 0.33732169117647054 0.7628791666666667 0.2865477941176471 0.21306770833333333 0.287766544117647 0 0.7889466911764706 0.003030208333333333 0.91721875
6 0.7704541666666667 0.26516911764705886 0.6916666666666667 0.051380514705882355 0.30606041666666667 0.04870955882352941 0.22045416666666667 0.2678400735294118 0.7704541666666667 0.26516911764705886