5 0.6220239583333333 0.9981617647058824 0.7447916666666666 0.9981617647058824 0.6822916666666666 0.8268768382352941 0.5959822916666667 0.8298327205882352 0.6220239583333333 0.9981617647058824
5 0.7514885416666667 0.9981617647058824 0.8645833333333334 0.9981617647058824 0.7723218749999999 0.8360680147058824 0.6897322916666667 0.8285183823529412 0.7514885416666667 0.9981617647058824
5 0.36904791666666664 0.9923180147058824 0.4017854166666667 0.8334430147058823 0.3125 0.8347555147058824 0.257440625 0.9936323529411764 0.36904791666666664 0.9923180147058824
4 0.16666666666666666 0.9981617647058824 0.180803125 0.9975716911764705 0.21949375 0.9542408088235294 0.24776770833333334 0.9279797794117648 0.29791666666666666 0.8621323529411765 0.30520833333333336 0.8400735294117647 0.30520833333333336 0.8253676470588235 0.2989583333333333 0.8216911764705882 0.22395833333333334 0.8805147058823529 0.171875 0.9356617647058824 0.13020833333333334 0.9926470588235294 0.12708333333333333 0.9981617647058824 0.16666666666666666 0.9981617647058824
0 0.93824375 0.9981617647058824 0.7693447916666667 0.7664779411764706 0.20610104166666668 0.7733713235294117 0.053571875000000005 0.9981617647058824 0.93824375 0.9981617647058824
6 0.7619052083333333 0.7546617647058823 0.6622020833333334 0.5682113970588236 0.33035729166666666 0.5724797794117646 0.20684479166666667 0.7638529411764706 0.7619052083333333 0.7546617647058823
2 0.40489270833333335 0.7123253676470588 0.4087125 0.7062591911764705 0.4135431625 0.7029794981617646 0.41520625 0.7042371323529412 0.42017187500000003 0.6914301470588234 0.42055312499999997 0.6867113970588236 0.4239583333333333 0.6875 0.421875 0.6691176470588235 0.40729166666666666 0.6360294117647058 0.37916666666666665 0.6397058823529411 0.37395833333333334 0.6525735294117647 0.3800645833333334 0.7096286764705882 0.397253125 0.7163694852941176 0.40489270833333335 0.7123253676470588
2 0.5989583333333334 0.7169117647058824 0.6333333333333333 0.7040441176470589 0.6322916666666667 0.6746323529411765 0.6083333333333333 0.6433823529411765 0.5708333333333333 0.6452205882352942 0.5708333333333333 0.6709558823529411 0.5989583333333334 0.7169117647058824
4 0.5895833333333333 0.6341911764705882 0.6020833333333333 0.6102941176470589 0.6020833333333333 0.5900735294117647 0.5854166666666667 0.5863970588235294 0.5697916666666667 0.6176470588235294 0.5604166666666667 0.625 0.5635416666666667 0.6488970588235294 0.5895833333333333 0.6341911764705882
5 0.647828125 0.7318731617647058 0.7249864583333333 0.7332224264705882 0.6833520833333334 0.6496360294117647 0.6222354166666667 0.6498051470588235 0.647828125 0.7318731617647058
5 0.6825875 0.6462665441176471 0.6734208333333334 0.6428970588235294 0.6516479166666667 0.5950367647058823 0.6069572916666667 0.5943621323529412 0.6233822916666667 0.6516599264705882 0.6825875 0.6462665441176471
5 0.37204270833333336 0.650985294117647 0.3980166666666667 0.5909926470588235 0.34759687499999997 0.5909926470588235 0.31856666666666666 0.6496360294117647 0.37204270833333336 0.650985294117647
5 0.3483604166666667 0.7352444852941177 0.3731885416666667 0.6523327205882353 0.3178020833333333 0.6511544117647059 0.278459375 0.7278290441176472 0.3483604166666667 0.7352444852941177
5 0.410240625 0.6327849264705883 0.41520625 0.6449191176470589 0.4308666666666667 0.6469411764705882 0.443471875 0.5970588235294118 0.39839895833333333 0.5938566176470588 0.380828125 0.63615625 0.410240625 0.6327849264705883