5 0.22045416666666667 0.7862738970588236 0.280303125 0.5043419117647059 0.18106041666666667 0.49899816176470585 0.07196979166666666 0.7862738970588236 0.22045416666666667 0.7862738970588236
5 0.3825760416666667 0.5056783088235294 0.2787875 0.5030055147058823 0.22443229166666667 0.7740643382352941 0.3477270833333333 0.7849375 0.3825760416666667 0.5056783088235294
5 0.2795458333333333 0.5043419117647059 0.31893958333333333 0.3426654411764706 0.23863645833333333 0.33288786764705885 0.18181770833333333 0.49365257352941183 0.2795458333333333 0.5043419117647059
5 0.7121208333333333 0.5056783088235294 0.675 0.3440018382352941 0.5871208333333333 0.34291360294117645 0.609090625 0.512360294117647 0.7121208333333333 0.5056783088235294
5 0.7083333333333334 0.5070147058823529 0.7174239583333333 0.5110238970588236 0.8166666666666667 0.5070147058823529 0.7598489583333333 0.3386580882352941 0.6761364583333334 0.3362297794117647 0.7083333333333334 0.5070147058823529
5 0.8234843749999999 0.7809283088235294 0.9113635416666667 0.7836011029411765 0.8212125 0.5043419117647059 0.7174239583333333 0.5136948529411764 0.7075760416666667 0.5003345588235294 0.7121208333333333 0.512360294117647 0.7583333333333333 0.7034319852941175 0.8234843749999999 0.7809283088235294
5 0.580078125 0.24930330882352944 0.6533770833333333 0.25174264705882354 0.6305572916666667 0.1566121323529412 0.5686687500000001 0.15844301470588235 0.580078125 0.24930330882352944
5 0.6526854166666667 0.24991360294117648 0.7277125000000001 0.24930330882352944 0.6931375000000001 0.15722242647058823 0.63470625 0.1602720588235294 0.6526854166666667 0.24991360294117648
4 0.575 0.15441176470588236 0.596875 0.13419117647058823 0.6114583333333333 0.10661764705882353 0.6135416666666667 0.08272058823529412 0.5947916666666667 0.08088235294117647 0.5854166666666667 0.10661764705882353 0.565625 0.1323529411764706 0.5677083333333334 0.15441176470588236 0.575 0.15441176470588236
2 0.6541666666666667 0.14338235294117646 0.6802083333333333 0.13419117647058823 0.6854166666666667 0.11029411764705882 0.684375 0.10294117647058823 0.65625 0.07352941176470588 0.6291666666666667 0.07720588235294118 0.625 0.09375 0.625 0.10661764705882353 0.6541666666666667 0.14338235294117646
10 0.371875 0.15257352941176472 0.40729166666666666 0.15257352941176472 0.4166666666666667 0.13970588235294118 0.41875 0.11213235294117647 0.43645833333333334 0.08639705882352941 0.43125 0.07904411764705882 0.4125 0.10110294117647059 0.3802083333333333 0.11213235294117647 0.37083333333333335 0.125 0.36875 0.14338235294117646 0.371875 0.15257352941176472
10 0.31145833333333334 0.15441176470588236 0.3458333333333333 0.15257352941176472 0.35520833333333335 0.13786764705882354 0.3541666666666667 0.1213235294117647 0.37604166666666666 0.09558823529411764 0.378125 0.08639705882352941 0.37083333333333335 0.08088235294117647 0.346875 0.10661764705882353 0.31666666666666665 0.11213235294117647 0.30625 0.125 0.30520833333333336 0.14338235294117646 0.31145833333333334 0.15441176470588236
5 0.4199572916666667 0.2479558823529412 0.42758125 0.1570294117647059 0.36985625 0.1531875 0.3466208333333333 0.2447536764705882 0.4199572916666667 0.2479558823529412
0 0.011064583333333333 0.9329117647058824 0.7909145833333333 0.9275275735294117 0.9774302083333333 0.9171617647058823 0.996875 0.7872242647058824 0.8197916666666667 0.34960661764705886 0.7649302083333333 0.29444485294117645 0.21079583333333335 0.2780698529411765 0 0.7835220588235294 0.011064583333333333 0.9329117647058824
6 0.7663197916666667 0.27483272058823527 0.690625 0.05050735294117647 0.3092447916666667 0.06066176470588235 0.21631979166666668 0.2601231617647059 0.7663197916666667 0.27483272058823527
7 0.27291666666666664 0.22977941176470587 0.2791666666666667 0.2555147058823529 0.3260416666666667 0.3088235294117647 0.35208333333333336 0.3584558823529412 0.45 0.4834558823529412 0.465625 0.48713235294117646 0.496875 0.5238970588235294 0.540625 0.5808823529411765 0.5479166666666667 0.6084558823529411 0.55625 0.6213235294117647 0.6447916666666667 0.7279411764705882 0.7947916666666667 0.9246323529411765 0.865625 0.9944852941176471 0.9604166666666667 0.9981617647058824 0.9583333333333334 0.9779411764705882 0.95 0.9724264705882353 0.946875 0.9577205882352942 0.9291666666666667 0.9319852941176471 0.9270833333333334 0.9117647058823529 0.9145833333333333 0.90625 0.8958333333333334 0.8676470588235294 0.8791666666666667 0.8474264705882353 0.871875 0.8492647058823529 0.8572916666666667 0.8382352941176471 0.8489583333333334 0.8180147058823529 0.8135416666666667 0.7702205882352942 0.7989583333333333 0.7628676470588235 0.7552083333333334 0.7077205882352942 0.746875 0.7058823529411765 0.7135416666666666 0.6691176470588235 0.7104166666666667 0.6525735294117647 0.6083333333333333 0.5275735294117647 0.5802083333333333 0.4963235294117647 0.5625 0.49080882352941174 0.528125 0.46139705882352944 0.403125 0.32169117647058826 0.36041666666666666 0.26286764705882354 0.303125 0.20036764705882354 0.28958333333333336 0.1948529411764706 0.26666666666666666 0.1636029411764706 0.2552083333333333 0.15257352941176472 0.24270833333333333 0.16176470588235295 0.24270833333333333 0.18566176470588236 0.27291666666666664 0.22977941176470587