9 0.31666666666666665 0.6312775735294118 0.6636364583333333 0.6486488970588236 0.634090625 0.3947757352941177 0.35 0.3974485294117647 0.31666666666666665 0.6312775735294118
4 0.6697916666666667 0.6286764705882353 0.7010416666666667 0.6158088235294118 0.70625 0.5992647058823529 0.703125 0.5863970588235294 0.70626054375 0.5684137959558824 0.7204541666666666 0.5551176470588235 0.725 0.5203768382352941 0.73560625 0.4709375 0.7537874999999999 0.4455514705882353 0.7462125000000001 0.4121470588235294 0.7477270833333333 0.4014577205882353 0.7552083333333334 0.38235294117647056 0.75625 0.3547794117647059 0.7510416666666667 0.3327205882352941 0.74375 0.3235294117647059 0.7041666666666667 0.37683823529411764 0.68125 0.42463235294117646 0.665625 0.47610294117647056 0.6572916666666667 0.5294117647058824 0.6635416666666667 0.6194852941176471 0.6697916666666667 0.6286764705882353
10 0.790625 0.4025735294117647 0.8020833333333334 0.4338235294117647 0.8197916666666667 0.44669117647058826 0.821875 0.45588235294117646 0.8135416666666667 0.47794117647058826 0.809375 0.5202205882352942 0.7916666666666666 0.6102941176470589 0.796875 0.6286764705882353 0.8072916666666666 0.6305147058823529 0.8135416666666667 0.6231617647058824 0.8208333333333333 0.5459558823529411 0.8354166666666667 0.4742647058823529 0.8666666666666667 0.45955882352941174 0.8875 0.43933823529411764 0.890625 0.39889705882352944 0.8854166666666666 0.3713235294117647 0.8677083333333333 0.3382352941176471 0.8552083333333333 0.32536764705882354 0.8177083333333334 0.32169117647058826 0.8 0.33455882352941174 0.7947916666666667 0.35110294117647056 0.7895833333333333 0.3786764705882353 0.790625 0.4025735294117647
8 0.6166666666666667 0.15808823529411764 0.6291666666666667 0.20772058823529413 0.6364583333333333 0.2757352941176471 0.6520833333333333 0.30330882352941174 0.6729166666666667 0.3180147058823529 0.6895833333333333 0.3180147058823529 0.7125 0.2977941176470588 0.71875 0.25735294117647056 0.7114583333333333 0.19117647058823528 0.71875 0.18566176470588236 0.725 0.16176470588235295 0.7166666666666667 0.12683823529411764 0.7072916666666667 0.11213235294117647 0.6854166666666667 0.10110294117647059 0.6614583333333334 0.10294117647058823 0.653125 0.11029411764705882 0.6458333333333334 0.12867647058823528 0.63125 0.13786764705882354 0.640909375 0.15159375 0.6401510416666666 0.1622830882352941 0.6310604166666667 0.15827389705882353 0.6166666666666667 0.15808823529411764
8 0.7427083333333333 0.19669117647058823 0.7510416666666667 0.26286764705882354 0.7583333333333333 0.28308823529411764 0.7802083333333333 0.31066176470588236 0.79375 0.3180147058823529 0.821875 0.31433823529411764 0.834375 0.2977941176470588 0.8416666666666667 0.25183823529411764 0.8322916666666667 0.1801470588235294 0.8333333333333334 0.14522058823529413 0.8135416666666667 0.10661764705882353 0.7854166666666667 0.10110294117647059 0.7666666666666667 0.10661764705882353 0.740625 0.14338235294117646 0.7354166666666667 0.15992647058823528 0.7364583333333333 0.19301470588235295 0.7427083333333333 0.19669117647058823
8 0.22916666666666666 0.6011029411764706 0.24270833333333333 0.625 0.25104166666666666 0.6323529411764706 0.30520833333333336 0.6305147058823529 0.30625 0.6102941176470589 0.3145833333333333 0.6066176470588235 0.325 0.5698529411764706 0.3458333333333333 0.40441176470588236 0.35208333333333336 0.3897058823529412 0.3625 0.3860294117647059 0.3614583333333333 0.34558823529411764 0.35625 0.3474264705882353 0.33541666666666664 0.32536764705882354 0.31354166666666666 0.3272058823529412 0.2864583333333333 0.34375 0.2708333333333333 0.3713235294117647 0.2552083333333333 0.38235294117647056 0.23020833333333332 0.41544117647058826 0.21979166666666666 0.4889705882352941 0.21875 0.5661764705882353 0.22916666666666666 0.6011029411764706
2 0.08645833333333333 0.5459558823529411 0.09962083333333333 0.5734889705882353 0.10643958333333334 0.5761599264705882 0.12159062500000001 0.5734889705882353 0.10795416666666666 0.596202205882353 0.15719687499999999 0.5881856617647059 0.18674270833333334 0.541420955882353 0.19280312500000002 0.5106875000000001 0.20946979166666668 0.4799558823529412 0.228125 0.41544117647058826 0.203125 0.37316176470588236 0.16979166666666667 0.3474264705882353 0.15104166666666666 0.34191176470588236 0.11875 0.40625 0.10729166666666666 0.4172794117647059 0.10833333333333334 0.42463235294117646 0.1 0.44669117647058826 0.06770833333333333 0.5091911764705882 0.065625 0.5202205882352942 0.08645833333333333 0.5459558823529411
4 0.13333333333333333 0.3180147058823529 0.15833333333333333 0.31433823529411764 0.2760416666666667 0.13786764705882354 0.2791666666666667 0.13051470588235295 0.27708333333333335 0.10845588235294118 0.2677083333333333 0.09558823529411764 0.209375 0.1488970588235294 0.153125 0.2261029411764706 0.125 0.29044117647058826 0.12291666666666666 0.30514705882352944 0.13333333333333333 0.3180147058823529
10 0.26666666666666666 0.31433823529411764 0.2677083333333333 0.3014705882352941 0.31979166666666664 0.20588235294117646 0.3489583333333333 0.20404411764705882 0.37395833333333334 0.18566176470588236 0.38333333333333336 0.14705882352941177 0.38333333333333336 0.11948529411764706 0.37395833333333334 0.10294117647058823 0.35 0.09191176470588236 0.3145833333333333 0.10661764705882353 0.3020833333333333 0.14338235294117646 0.3020833333333333 0.1636029411764706 0.30833333333333335 0.1801470588235294 0.3072916666666667 0.20036764705882354 0.2947916666666667 0.2113970588235294 0.24895833333333334 0.2977941176470588 0.2520833333333333 0.3161764705882353 0.26666666666666666 0.31433823529411764
0 0.011742708333333332 0.8102959558823529 0.9935604166666666 0.8303382352941177 0.9989583333333333 0.5604319852941176 0.8814395833333334 0.11949632352941177 0.8344697916666667 0.04467095588235294 0.14015104166666664 0.02707169117647059 0 0.5350441176470588 0.011742708333333332 0.8102959558823529
7 0.43854166666666666 0.18382352941176472 0.38645833333333335 0.37316176470588236 0.4354166666666667 0.38786764705882354 0.478125 0.38419117647058826 0.478125 0.3492647058823529 0.51875 0.003676470588235294 0.478125 0 0.46875 0.012867647058823529 0.44895833333333335 0.08823529411764706 0.446875 0.14154411764705882 0.43854166666666666 0.18382352941176472