5 0.132815625 0.9968658088235294 0.25499895833333336 0.9955018382352941 0.31222395833333333 0.8331764705882353 0.22522708333333333 0.8275 0.132815625 0.9968658088235294
5 0.24958645833333334 0.9981617647058824 0.36828958333333334 0.9981617647058824 0.3984479166666667 0.8352224264705882 0.30884062500000004 0.83346875 0.24958645833333334 0.9981617647058824
5 0.6227083333333333 0.6502426470588236 0.6037625 0.5922683823529412 0.5511770833333334 0.5929503676470588 0.55485 0.5929466911764706 0.5596833333333334 0.6475147058823529 0.6227083333333333 0.6502426470588236
5 0.6791604166666667 0.6509246323529412 0.6524812499999999 0.5949981617647059 0.603665625 0.5937996323529412 0.6219354166666666 0.6536525735294118 0.6791604166666667 0.6509246323529412
5 0.6462947916666667 0.7320863970588235 0.6184552083333333 0.6502426470588236 0.56355 0.651797794117647 0.5782427083333334 0.7341323529411765 0.6462947916666667 0.7320863970588235
5 0.6474541666666667 0.7354963235294117 0.7240125000000001 0.7334503676470588 0.6830270833333334 0.6543345588235294 0.6220312499999999 0.6483860294117647 0.6474541666666667 0.7354963235294117
5 0.376021875 0.6516066176470589 0.40308854166666663 0.5922683823529412 0.3494395833333333 0.5912408088235294 0.31841041666666664 0.6441047794117647 0.376021875 0.6516066176470589
5 0.3485697916666667 0.7334503676470588 0.376021875 0.6536525735294118 0.31879687500000004 0.6386470588235293 0.27123854166666667 0.7320863970588235 0.3485697916666667 0.7334503676470588
5 0.41662083333333333 0.7354963235294117 0.4351802083333334 0.6502426470588236 0.3802760416666667 0.6495606617647058 0.37795520833333335 0.6522886029411765 0.34508958333333334 0.7348143382352941 0.41662083333333333 0.7354963235294117
8 0.6041666666666666 0.8731617647058824 0.6385416666666667 0.9981617647058824 0.7177083333333333 0.9981617647058824 0.7177083333333333 0.9742647058823529 0.703125 0.9301470588235294 0.7020833333333333 0.8731617647058824 0.6822916666666666 0.8382352941176471 0.6645833333333333 0.8272058823529411 0.6375 0.8290441176470589 0.628125 0.8511029411764706 0.6177083333333333 0.8566176470588235 0.5791666666666667 0.8345588235294118 0.5770833333333333 0.8529411764705882 0.6041666666666666 0.8731617647058824
8 0.7177083333333333 0.9025735294117647 0.7583333333333333 0.9944852941176471 0.859375 0.9981617647058824 0.8447916666666667 0.9632352941176471 0.821875 0.9283088235294118 0.803125 0.8713235294117647 0.775 0.8327205882352942 0.7395833333333334 0.8235294117647058 0.73125 0.8290441176470589 0.715625 0.8621323529411765 0.7135416666666666 0.8731617647058824 0.7177083333333333 0.9025735294117647
8 0.421875 0.6507352941176471 0.4354166666666667 0.6415441176470589 0.45 0.5882352941176471 0.41770833333333335 0.5827205882352942 0.3927083333333333 0.6047794117647058 0.39166666666666666 0.6452205882352942 0.421875 0.6507352941176471
7 0.4375 0.90625 0.4083333333333333 0.9981617647058824 0.47604166666666664 0.9963235294117647 0.47604166666666664 0.9675238970588235 0.49583333333333335 0.9080882352941176 0.48333333333333334 0.8841911764705882 0.48333333333333334 0.8584558823529411 0.4979166666666667 0.8400735294117647 0.5 0.8014705882352942 0.54375 0.6764705882352942 0.5447916666666667 0.65625 0.5520833333333334 0.6397058823529411 0.5447916666666667 0.6158088235294118 0.5229166666666667 0.6213235294117647 0.5322916666666667 0.6323529411764706 0.5302083333333333 0.6415441176470589 0.47708333333333336 0.7555147058823529 0.4552083333333333 0.8161764705882353 0.44895833333333335 0.8860294117647058 0.4375 0.90625
6 0.7780135416666667 0.7767683823529412 0.6727562500000001 0.5801783088235295 0.333765625 0.5756819852941176 0.2076125 0.7754025735294118 0.7780135416666667 0.7767683823529412
0 0.9297072916666667 0.9981617647058824 0.7842052083333333 0.7631158088235294 0.21283645833333334 0.7378713235294118 0.0597875 0.9981617647058824 0.9297072916666667 0.9981617647058824