5 0.25303020833333334 0.9981617647058824 0.30833333333333335 0.8210147058823529 0.22651562500000003 0.8263584558823529 0.12803020833333334 0.9981617647058824 0.25303020833333334 0.9981617647058824
5 0.36363645833333336 0.9981617647058824 0.398484375 0.8330404411764706 0.315340625 0.8258694852941177 0.24924270833333334 0.9981617647058824 0.36363645833333336 0.9981617647058824
5 0.5977270833333334 0.8276948529411765 0.6227270833333333 0.9973878676470588 0.7454541666666666 0.9981617647058824 0.6848489583333334 0.8303676470588236 0.598484375 0.8308823529411765 0.5977270833333334 0.8276948529411765
1 0.7772729166666666 0.9613124999999999 0.7871208333333333 0.9920441176470589 0.8363635416666667 0.9981617647058824 0.8681822916666667 0.9920441176470589 0.873484375 0.9452775735294118 0.8833333333333333 0.8878235294117647 0.8833333333333333 0.8610992647058824 0.8795458333333334 0.8156691176470589 0.8719697916666667 0.7969632352941176 0.8628791666666668 0.7809283088235294 0.8386364583333333 0.7702389705882353 0.8128791666666667 0.7582150735294118 0.7962125 0.8116617647058824 0.7825760416666667 0.865108455882353 0.7772729166666666 0.9613124999999999
0 0.955303125 0.9981617647058824 0.88939375 0.9345882352941176 0.8954541666666667 0.839720588235294 0.8886364583333334 0.7782573529411765 0.8378791666666667 0.7542058823529412 0.8083333333333333 0.7515330882352941 0.7863635416666667 0.8103253676470589 0.20984895833333334 0.7702389705882353 0.05606041666666666 0.9981617647058824 0.955303125 0.9981617647058824
4 0.34478749999999997 0.6385588235294117 0.3646447916666667 0.6301654411764706 0.389425 0.6052720588235294 0.39319895833333335 0.5945625 0.39352708333333336 0.5876158088235295 0.3864708333333333 0.5821176470588236 0.3817114583333333 0.5850110294117646 0.37760937499999997 0.5858805147058823 0.3756395833333333 0.5873272058823529 0.374490625 0.5945625 0.36546562499999996 0.6012205882352941 0.35643958333333337 0.6110606617647059 0.3520083333333333 0.6139558823529412 0.349546875 0.6127977941176471 0.33723854166666667 0.6197444852941176 0.32739270833333334 0.624375 0.3209927083333334 0.6321911764705882 0.32002320104166665 0.6453032224264706 0.3191875 0.6457941176470589 0.32755625 0.6463731617647059 0.34478749999999997 0.6385588235294117
5 0.275776421875 0.7326815514705882 0.34774166666666667 0.736389705882353 0.3756395833333333 0.6501360294117646 0.31508437499999997 0.64753125 0.275776421875 0.7326815514705882
5 0.419128125 0.7372573529411764 0.43389791666666666 0.6533198529411764 0.37760937499999997 0.6504246323529412 0.37765 0.651670955882353 0.3467572916666667 0.7372573529411764 0.419128125 0.7372573529411764
5 0.436359375 0.6489779411764706 0.4445645833333333 0.5939834558823529 0.39779375 0.5928272058823529 0.3984510416666666 0.5931158088235293 0.37925 0.6472408088235294 0.436359375 0.6489779411764706
5 0.580375 0.7351783088235294 0.6473895833333334 0.7371470588235294 0.6228177083333333 0.6475147058823529 0.56264375 0.6543786764705883 0.580375 0.7351783088235294
5 0.6518572916666667 0.7312389705882353 0.7222229166666666 0.7322224264705882 0.679221875 0.6475147058823529 0.6275645833333333 0.6506838235294117 0.6518572916666667 0.7312389705882353
5 0.5613875 0.6445606617647059 0.61835 0.6416066176470588 0.6027135416666667 0.5923566176470588 0.5563614583333333 0.5915533088235294 0.5613875 0.6445606617647059
2 0.6665145833333334 0.6311636029411765 0.6675447916666666 0.6059834558823529 0.63560625 0.5782077205882353 0.612940625 0.5826213235294118 0.61146875 0.6065036764705882 0.6400218750000001 0.6379136029411764 0.6665145833333334 0.6311636029411765
6 0.7788406250000001 0.7249558823529412 0.6711552083333333 0.5632959558823529 0.3255604166666667 0.5544613970588236 0.20835833333333334 0.7496911764705882 0.7788406250000001 0.7249558823529412