5 0.7380947916666667 0.9974779411764707 0.6833333333333333 0.8305330882352941 0.59449375 0.8340330882352941 0.621428125 0.9981617647058824 0.7380947916666667 0.9974779411764707
5 0.7410718749999999 0.9981617647058824 0.8595239583333334 0.9974779411764707 0.7767854166666667 0.82878125 0.6827385416666666 0.8315827205882352 0.7410718749999999 0.9981617647058824
5 0.253571875 0.9981617647058824 0.3720239583333333 0.9981617647058824 0.40059479166666667 0.829483455882353 0.31175625 0.82878125 0.253571875 0.9981617647058824
5 0.37723125 0.6517702205882353 0.435071875 0.6517702205882353 0.44492395833333337 0.5945900735294117 0.39645833333333336 0.5932150735294117 0.37723125 0.6517702205882353
5 0.34608645833333335 0.7352977941176471 0.37627812499999996 0.652891544117647 0.31621354166666665 0.6514007352941177 0.27394583333333333 0.7319338235294118 0.34608645833333335 0.7352977941176471
5 0.6213041666666667 0.6512408088235294 0.6791437499999999 0.6495588235294117 0.6511770833333334 0.5940606617647058 0.60461875 0.5960202205882353 0.6213041666666667 0.6512408088235294
5 0.724271875 0.7358878676470588 0.682321875 0.6489981617647059 0.6228927083333333 0.6542058823529411 0.648634375 0.7358878676470588 0.724271875 0.7358878676470588
10 0.35 0.6488970588235294 0.3625 0.6397058823529411 0.36875 0.6158088235294118 0.390625 0.5992647058823529 0.39166666666666666 0.5919117647058824 0.384375 0.5882352941176471 0.35520833333333335 0.6102941176470589 0.3375 0.6084558823529411 0.321875 0.6268382352941176 0.321875 0.6470588235294118 0.35 0.6488970588235294
2 0.38125 0.7169117647058824 0.415625 0.7077205882352942 0.421875 0.7003676470588235 0.421875 0.6801470588235294 0.40729166666666666 0.6378676470588235 0.3770833333333333 0.6452205882352942 0.37604166666666666 0.6801470588235294 0.38125 0.7169117647058824
2 0.5979166666666667 0.7150735294117647 0.63125 0.7058823529411765 0.63125 0.6727941176470589 0.6083333333333333 0.6433823529411765 0.5895833333333333 0.6341911764705882 0.5697916666666667 0.6452205882352942 0.5697916666666667 0.6691176470588235 0.5979166666666667 0.7150735294117647
4 0.559375 0.625 0.5625 0.6488970588235294 0.5916666666666667 0.6323529411764706 0.6010416666666667 0.6121323529411765 0.6020833333333333 0.5919117647058824 0.5989583333333334 0.5863970588235294 0.5822916666666667 0.5882352941176471 0.5770833333333333 0.6084558823529411 0.559375 0.625
4 0.175 0.9981617647058824 0.19166666666666668 0.9852941176470589 0.29791666666666666 0.8639705882352942 0.30625 0.8419117647058824 0.30520833333333336 0.8253676470588235 0.29791666666666666 0.8216911764705882 0.228125 0.875 0.128125 0.9926470588235294 0.125 0.9981617647058824 0.175 0.9981617647058824
7 0.4083333333333333 0.9981617647058824 0.478125 0.9981617647058824 0.47708333333333336 0.9724264705882353 0.49583333333333335 0.9080882352941176 0.4791666666666667 0.8676470588235294 0.4864583333333333 0.84375 0.4979166666666667 0.8363970588235294 0.5052083333333334 0.7794117647058824 0.540625 0.6856617647058824 0.5541666666666667 0.6397058823529411 0.553125 0.6286764705882353 0.5395833333333333 0.6231617647058824 0.5333333333333333 0.6323529411764706 0.4739583333333333 0.7628676470588235 0.45416666666666666 0.8198529411764706 0.44479166666666664 0.8897058823529411 0.4083333333333333 0.9981617647058824
6 0.7906854166666667 0.7699871323529411 0.6716010416666667 0.5793198529411764 0.3297697916666667 0.5781746323529412 0.21053333333333332 0.7753731617647058 0.7906854166666667 0.7699871323529411
0 0.9238145833333333 0.9940459558823529 0.7974020833333333 0.7689099264705882 0.20992291666666668 0.7735055147058824 0.06458020833333333 0.9981617647058824 0.9238145833333333 0.9940459558823529