5 0.7822916666666667 0.9742647058823529 0.790625 0.9981617647058824 0.8635416666666667 0.9981617647058824 0.8854166666666666 0.8621323529411765 0.884375 0.8253676470588235 0.8739583333333333 0.7941176470588235 0.8458333333333333 0.7702205882352942 0.8104166666666667 0.7647058823529411 0.79375 0.7959558823529411 0.7875 0.84375 0.7791666666666667 0.9466911764705882 0.7822916666666667 0.9742647058823529
7 0.4780302083333333 0.9880349264705882 0.4780302083333333 0.9800183823529411 0.47878750000000003 0.9466139705882353 0.48939374999999996 0.9292444852941176 0.49318229166666666 0.8998474264705882 0.47727291666666666 0.8838143382352941 0.4848489583333333 0.8530827205882353 0.48939374999999996 0.8544191176470588 0.5022729166666667 0.8276948529411765 0.5007572916666666 0.8063161764705883 0.5128791666666667 0.7702389705882353 0.5227270833333333 0.7501966911764706 0.5348489583333333 0.7154577205882353 0.5431822916666668 0.6753713235294118 0.555303125 0.6205882352941177 0.5462125 0.6152444852941176 0.5333333333333333 0.6312775735294118 0.523484375 0.6513216911764707 0.515909375 0.6820533088235293 0.5022729166666667 0.7087757352941176 0.480303125 0.732827205882353 0.459090625 0.7916176470588235 0.4507572916666666 0.8357113970588236 0.44696979166666667 0.8864871323529412 0.430303125 0.9051930147058824 0.41287916666666663 0.9963235294117647 0.4780302083333333 0.9880349264705882
4 0.3296395833333333 0.6442389705882353 0.338425 0.6424779411764705 0.34621145833333333 0.6389558823529411 0.3573927083333333 0.6294485294117648 0.3691729166666667 0.6202922794117648 0.38234999999999997 0.6090238970588235 0.3927322916666667 0.600922794117647 0.39452916666666665 0.5938805147058824 0.3943302083333334 0.5885992647058823 0.39313229166666663 0.5836691176470589 0.3883395833333333 0.5826121323529412 0.38534479166666663 0.5833161764705883 0.38095208333333336 0.5871893382352941 0.3753625 0.5885992647058823 0.373365625 0.5914154411764706 0.3723666666666666 0.5942334558823529 0.3707697916666667 0.5984577205882352 0.36737604166666665 0.6026838235294117 0.36278333333333335 0.6062058823529411 0.35539583333333336 0.6090238970588235 0.34940625000000003 0.613954044117647 0.33882395833333334 0.6206433823529411 0.32584583333333333 0.6238125 0.3224520833333333 0.6290955882352941 0.32045520833333335 0.6364908088235294 0.3212041666666667 0.6466360294117647 0.3296395833333333 0.6442389705882353
2 0.631571875 0.7053400735294117 0.634771875 0.6742996323529412 0.6003729166666666 0.6277389705882354 0.5715739583333334 0.6460827205882352 0.5707749999999999 0.672889705882353 0.6019729166666666 0.7114981617647059 0.631571875 0.7053400735294117
2 0.6659697916666667 0.6347941176470587 0.6667697916666667 0.5995220588235294 0.6339718750000001 0.574125 0.6115729166666667 0.5896452205882353 0.6115729166666667 0.6023437500000001 0.634971875 0.6303253676470588 0.6659697916666667 0.6347941176470587
5 0.24678854166666667 0.9981617647058824 0.30758645833333337 0.8325183823529412 0.216390625 0.8254632352941177 0.13319375 0.9877205882352942 0.24678854166666667 0.9981617647058824
5 0.2547885416666667 0.9981617647058824 0.37078333333333335 0.9981617647058824 0.39958229166666664 0.8254632352941177 0.31398645833333333 0.8279632352941176 0.2547885416666667 0.9981617647058824
5 0.6304427083333334 0.9981617647058824 0.7443697916666667 0.9922279411764707 0.6892145833333333 0.831158088235294 0.594275 0.8343474264705882 0.6238875 0.9981617647058824 0.6304427083333334 0.9981617647058824
5 0.3483364583333334 0.7354724264705882 0.37998333333333334 0.6461672794117647 0.3157864583333333 0.6461672794117647 0.27781041666666667 0.72909375 0.3483364583333334 0.7354724264705882
5 0.41343854166666666 0.7354724264705882 0.434234375 0.6477610294117647 0.37862708333333334 0.6486194852941176 0.3528583333333334 0.7274981617647059 0.41343854166666666 0.7354724264705882
5 0.4360427083333333 0.6493566176470589 0.44508437500000003 0.5919448529411764 0.39897083333333333 0.5947665441176471 0.3763666666666667 0.6445716911764706 0.4360427083333333 0.6493566176470589
5 0.5843291666666667 0.6318143382352941 0.5951791666666666 0.6190569852941177 0.615975 0.6350036764705882 0.5997 0.5871617647058823 0.5572031249999999 0.5947665441176471 0.5608197916666666 0.6429779411764706 0.5843291666666667 0.6318143382352941
5 0.639484375 0.6924154411764706 0.6494302083333333 0.7354724264705882 0.7217645833333334 0.7306893382352941 0.6855979166666667 0.6493566176470589 0.6277302083333333 0.6557352941176471 0.639484375 0.6812518382352941 0.639484375 0.6924154411764706
0 0.9270145833333333 0.9981617647058824 0.8818052083333333 0.9252481617647058 0.8872312499999999 0.8343474264705882 0.8745718750000001 0.7657738970588236 0.8275541666666667 0.7434466911764706 0.7941 0.7498253676470588 0.7796333333333333 0.7880992647058823 0.199146875 0.7737463235294118 0.04272291666666667 0.9954172794117646 0.9270145833333333 0.9981617647058824
6 0.7516630104166667 0.7440776194852942 0.6729395833333334 0.5759981617647059 0.33206145833333334 0.5680238970588235 0.21248333333333333 0.766295955882353 0.7516630104166667 0.7440776194852942