8 0.609375 0.875 0.6114583333333333 0.9044117647058824 0.6197916666666666 0.9136029411764706 0.6260416666666667 0.9577205882352942 0.6385416666666667 0.9981617647058824 0.7145833333333333 0.9981617647058824 0.7145833333333333 0.9705882352941176 0.7041666666666667 0.9411764705882353 0.7010416666666667 0.8731617647058824 0.696875 0.8584558823529411 0.68125 0.8363970588235294 0.665625 0.8272058823529411 0.6375 0.8290441176470589 0.621875 0.8566176470588235 0.6283875 0.8622591911764707 0.6221947916666667 0.8702022058823529 0.617128125 0.8771525735294118 0.609375 0.875
8 0.759375 0.9981617647058824 0.8385416666666666 0.9981617647058824 0.8385416666666666 0.9742647058823529 0.809375 0.9117647058823529 0.8010416666666667 0.8676470588235294 0.775 0.8327205882352942 0.7322916666666667 0.8272058823529411 0.7145833333333333 0.8658088235294118 0.7177083333333333 0.9025735294117647 0.759375 0.9981617647058824
8 0.30520833333333336 0.7316176470588235 0.340625 0.7297794117647058 0.35833333333333334 0.7003676470588235 0.371875 0.6580882352941176 0.3625 0.6507352941176471 0.3333333333333333 0.6507352941176471 0.325 0.6617647058823529 0.3072916666666667 0.6691176470588235 0.296875 0.6966911764705882 0.2947916666666667 0.7169117647058824 0.30520833333333336 0.7316176470588235
8 0.4114583333333333 0.647560661764706 0.42916666666666664 0.6457224264705883 0.44498125 0.6035661764705882 0.444946875 0.6004154411764705 0.4445760416666667 0.5954779411764706 0.428125 0.5887371323529412 0.4010416666666667 0.5960900735294118 0.3927083333333333 0.610795955882353 0.39375 0.6346930147058824 0.4114583333333333 0.647560661764706
7 0.45239375 0.9981617647058824 0.46700625 0.9902113970588234 0.4774229166666667 0.9957261029411764 0.4878395833333334 0.9902113970588234 0.5128395833333333 0.7659466911764706 0.5451312500000001 0.6758731617647059 0.5461729166666667 0.6538143382352941 0.5524229166666667 0.6409466911764706 0.5492979166666667 0.6244025735294118 0.5430479166666667 0.6207261029411765 0.5149229166666667 0.6758731617647059 0.4774229166666667 0.7604319852941177 0.45763125000000004 0.8192555147058824 0.41027916666666664 0.9981617647058824 0.45239375 0.9981617647058824
2 0.37604166666666666 0.6819852941176471 0.3770833333333333 0.7095588235294118 0.3802083333333333 0.71875 0.39171666666666666 0.7093547794117647 0.39375 0.7205882352941176 0.39819062499999996 0.7116378676470587 0.410621875 0.7070698529411765 0.41770833333333335 0.7132352941176471 0.4174208333333333 0.7044411764705882 0.41483125 0.7048970588235294 0.4174208333333333 0.7017003676470589 0.41923333333333335 0.6925643382352941 0.41949270833333335 0.6971323529411765 0.41949270833333335 0.6861691176470588 0.4239583333333333 0.6911764705882353 0.42083333333333334 0.6764705882352942 0.42083333333333334 0.6691176470588235 0.409375 0.6415441176470589 0.39791666666666664 0.6378676470588235 0.38333333333333336 0.6415441176470589 0.378125 0.6452205882352942 0.37604166666666666 0.6488970588235294 0.37604166666666666 0.6819852941176471
5 0.37557916666666663 0.6476194852941176 0.3947572916666667 0.5950992647058824 0.34697916666666667 0.59309375 0.31854791666666665 0.6485091911764705 0.37557916666666663 0.6476194852941176
5 0.3698208333333334 0.9981617647058824 0.4015625 0.8254430147058823 0.3127541666666667 0.8270551470588235 0.25358749999999997 0.9958676470588235 0.3698208333333334 0.9981617647058824
5 0.249853125 0.9981617647058824 0.31053749999999997 0.8295588235294117 0.2255802083333333 0.8336746323529411 0.136421875 0.9958676470588235 0.249853125 0.9981617647058824
2 0.5989583333333334 0.7169117647058824 0.6322916666666667 0.7040441176470589 0.6322916666666667 0.6764705882352942 0.60625 0.6415441176470589 0.5708333333333333 0.6452205882352942 0.5708333333333333 0.6709558823529411 0.5989583333333334 0.7169117647058824
10 0.6520833333333333 0.7316176470588235 0.671875 0.7371323529411765 0.7 0.7316176470588235 0.6916666666666667 0.7003676470588235 0.6770833333333334 0.6709558823529411 0.6802083333333333 0.6525735294117647 0.6760416666666667 0.6433823529411765 0.6666666666666666 0.6525735294117647 0.66875 0.6599264705882353 0.6635416666666667 0.6764705882352942 0.6447916666666667 0.6783088235294118 0.6354166666666666 0.6875 0.6385416666666667 0.7095588235294118 0.6520833333333333 0.7316176470588235
10 0.6260416666666667 0.6488970588235294 0.65 0.6488970588235294 0.6583333333333333 0.6415441176470589 0.65625 0.625 0.6479166666666667 0.6139705882352942 0.6520833333333333 0.5992647058823529 0.6479166666666667 0.5863970588235294 0.6135416666666667 0.6194852941176471 0.6145833333333334 0.6360294117647058 0.6260416666666667 0.6488970588235294
4 0.559375 0.6176470588235294 0.5635416666666667 0.6470588235294118 0.5927083333333333 0.6305147058823529 0.6010416666666667 0.6121323529411765 0.6020833333333333 0.5919117647058824 0.5989583333333334 0.5863970588235294 0.5833333333333334 0.5863970588235294 0.5739583333333333 0.6102941176470589 0.559375 0.6176470588235294
0 0.9280697916666667 0.9981617647058824 0.7663854166666667 0.7729650735294118 0.19438125 0.7666268382352941 0.19438125 0.7691617647058823 0.038444791666666665 0.9981617647058824 0.9280697916666667 0.9981617647058824
6 0.7556062499999999 0.7463492647058824 0.6614697916666666 0.5638400735294118 0.3386395833333333 0.5662132352941176 0.21809479166666668 0.7514191176470588 0.7556062499999999 0.7463492647058824