8 0.6083333333333333 0.875 0.6104166666666667 0.8952205882352942 0.621875 0.9227941176470589 0.6260416666666667 0.9595588235294118 0.6385416666666667 0.9981617647058824 0.7145833333333333 0.9981617647058824 0.7166666666666667 0.9705882352941176 0.7041666666666667 0.9319852941176471 0.7020833333333333 0.875 0.6854166666666667 0.8400735294117647 0.6697916666666667 0.8290441176470589 0.6447916666666667 0.8272058823529411 0.634375 0.8308823529411765 0.6291666666666667 0.8492647058823529 0.6177083333333333 0.8566176470588235 0.62425625 0.8688952205882352 0.6153270833333334 0.8688952205882352 0.6083333333333333 0.875
8 0.7260416666666667 0.9227941176470589 0.7229166666666667 0.9338235294117647 0.7395833333333334 0.9522058823529411 0.7520833333333333 0.9926470588235294 0.7583333333333333 0.9981617647058824 0.8322916666666667 0.9981617647058824 0.834375 0.9926470588235294 0.81875 0.9319852941176471 0.8072916666666666 0.9154411764705882 0.80625 0.8897058823529411 0.7989583333333333 0.8658088235294118 0.771875 0.8308823529411765 0.7375 0.8253676470588235 0.73125 0.8290441176470589 0.715625 0.8621323529411765 0.7125 0.8805147058823529 0.7260416666666667 0.9227941176470589
4 0.17038645833333332 0.9981617647058824 0.18303541666666667 0.9818143382352941 0.25297604166666665 0.9174761029411765 0.26785729166666666 0.89909375 0.271428125 0.8910183823529412 0.30163645833333336 0.8634448529411765 0.30892812500000005 0.8413860294117647 0.30788645833333333 0.8248419117647059 0.30163645833333336 0.8230036764705883 0.230803125 0.8763125 0.174553125 0.9351360294117647 0.13288645833333332 0.9939595588235295 0.13184479166666666 0.9981617647058824 0.17038645833333332 0.9981617647058824
10 0.28020833333333334 0.9981617647058824 0.30520833333333336 0.9522058823529411 0.32916666666666666 0.9209558823529411 0.3614583333333333 0.9172794117647058 0.3875 0.9044117647058824 0.40208333333333335 0.8308823529411765 0.375 0.8180147058823529 0.340625 0.8290441176470589 0.33125 0.8419117647058824 0.321875 0.8694852941176471 0.31979166666666664 0.9117647058823529 0.25416666666666665 0.9926470588235294 0.2520833333333333 0.9981617647058824 0.28020833333333334 0.9981617647058824
0 0.92261875 0.9981617647058824 0.8325895833333333 0.8281911764705883 0.7700895833333333 0.7677922794117646 0.20610104166666668 0.7717297794117648 0.06473229166666666 0.9981617647058824 0.92261875 0.9981617647058824
6 0.7723218749999999 0.7572867647058823 0.7410718749999999 0.7165827205882354 0.75 0.6824448529411765 0.664434375 0.5682113970588236 0.3318447916666667 0.5774025735294118 0.20014895833333332 0.7677922794117646 0.7723218749999999 0.7572867647058823
2 0.3802083333333333 0.7150735294117647 0.42604166666666665 0.7040441176470589 0.421875 0.6691176470588235 0.409375 0.6415441176470589 0.378125 0.6452205882352942 0.37604166666666666 0.6801470588235294 0.3802083333333333 0.7150735294117647
7 0.3020833333333333 0.7279411764705882 0.3177083333333333 0.7352941176470589 0.33541666666666664 0.7316176470588235 0.35 0.7169117647058824 0.37083333333333335 0.6599264705882353 0.36041666666666666 0.6507352941176471 0.334375 0.6507352941176471 0.30625 0.6709558823529411 0.29791666666666666 0.6911764705882353 0.29375 0.7150735294117647 0.3020833333333333 0.7279411764705882
8 0.39409479166666667 0.6337242647058823 0.4010416666666667 0.6378676470588235 0.425 0.6470588235294118 0.434375 0.6415441176470589 0.4479166666666667 0.6011029411764706 0.44404479166666666 0.5974283088235294 0.41875 0.5845588235294118 0.41686562499999996 0.5857628676470588 0.39895833333333336 0.59375 0.402175 0.5974283088235294 0.39166666666666666 0.6066176470588235 0.3948291666666667 0.6259466911764706 0.39409479166666667 0.6337242647058823
2 0.5989583333333334 0.7169117647058824 0.63125 0.7058823529411765 0.6322916666666667 0.6764705882352942 0.6052083333333333 0.6397058823529411 0.5875 0.6378676470588235 0.5708333333333333 0.6470588235294118 0.5708333333333333 0.6691176470588235 0.5989583333333334 0.7169117647058824
4 0.5604166666666667 0.6311636029411765 0.5681864583333333 0.6486323529411765 0.5916666666666667 0.6311636029411765 0.603125 0.6054283088235294 0.6010416666666667 0.5888841911764706 0.5916666666666667 0.5796930147058824 0.5766343749999999 0.6026139705882353 0.5685541666666667 0.6188180147058824 0.5604166666666667 0.6311636029411765
10 0.6270833333333333 0.6488970588235294 0.6510416666666666 0.6488970588235294 0.659375 0.6415441176470589 0.6541666666666667 0.6213235294117647 0.6552083333333333 0.6066176470588235 0.646875 0.5863970588235294 0.6354166666666666 0.6066176470588235 0.615625 0.6194852941176471 0.6145833333333334 0.6341911764705882 0.6270833333333333 0.6488970588235294
10 0.6541666666666667 0.7316176470588235 0.671875 0.7371323529411765 0.6886552083333334 0.7270588235294118 0.692328125 0.720577205882353 0.6916666666666667 0.6985294117647058 0.6802083333333333 0.6801470588235294 0.6791666666666667 0.6727941176470589 0.6833333333333333 0.6691176470588235 0.6802083333333333 0.6470588235294118 0.673596875 0.6434466911764707 0.6669854166666667 0.6693731617647058 0.6541666666666667 0.6764705882352942 0.6385416666666667 0.6893382352941176 0.6458333333333334 0.7205882352941176 0.6541666666666667 0.7316176470588235