7 0.40208333333333335 0.5661764705882353 0.4708333333333333 0.5955882352941176 0.478125 0.5900735294117647 0.48020833333333335 0.44485294117647056 0.49583333333333335 0.40625 0.484375 0.38419117647058826 0.4822916666666667 0.36764705882352944 0.4979166666666667 0.34191176470588236 0.5041666666666667 0.29411764705882354 0.5447916666666667 0.19301470588235295 0.559375 0.14338235294117646 0.5572916666666666 0.125 0.5520833333333334 0.11948529411764706 0.540625 0.13419117647058823 0.4739583333333333 0.2757352941176471 0.45416666666666666 0.3400735294117647 0.45416666666666666 0.3805147058823529 0.396875 0.5477941176470589 0.3958333333333333 0.5569852941176471 0.40208333333333335 0.5661764705882353
8 0.721875 0.4742647058823529 0.746875 0.5018382352941176 0.771875 0.5036764705882353 0.7833333333333333 0.49264705882352944 0.7875 0.4724264705882353 0.7770833333333333 0.375 0.765625 0.3602941176470588 0.759375 0.34191176470588236 0.7291666666666666 0.33455882352941174 0.7166666666666667 0.3382352941176471 0.6989583333333333 0.3694852941176471 0.6979166666666666 0.39705882352941174 0.721875 0.4742647058823529
8 0.38645833333333335 0.13970588235294118 0.39895833333333336 0.14154411764705882 0.40625 0.15441176470588236 0.425 0.15073529411764705 0.43854166666666666 0.11029411764705882 0.4318177083333333 0.08593933823529411 0.40729166666666666 0.07720588235294118 0.3885416666666667 0.09191176470588236 0.38333333333333336 0.10294117647058823 0.38125 0.11948529411764706 0.38645833333333335 0.13970588235294118
2 0.3770833333333333 0.22794117647058823 0.4 0.22794117647058823 0.41875 0.21875 0.41458333333333336 0.20036764705882354 0.4197916666666667 0.19301470588235295 0.4010416666666667 0.14338235294117646 0.3697916666666667 0.14522058823529413 0.36666666666666664 0.16911764705882354 0.3770833333333333 0.22794117647058823
4 0.6492427083333333 0.7762371323529412 0.687784375 0.76153125 0.6898677083333333 0.7394724264705883 0.6825760416666667 0.7247665441176471 0.7181822916666667 0.615608455882353 0.7189395833333333 0.5862132352941176 0.7232010416666667 0.553810661764706 0.7232010416666667 0.5335900735294118 0.7117427083333333 0.5041783088235294 0.694034375 0.522560661764706 0.6700760416666667 0.5630018382352941 0.6523677083333334 0.6071194852941177 0.6377843750000001 0.6659430147058824 0.6377843750000001 0.7652077205882354 0.6492427083333333 0.7762371323529412
5 0.21287916666666667 0.7880294117647059 0.2787875 0.5085863970588235 0.17613645833333333 0.5085919117647059 0.07954583333333334 0.7784926470588235 0.21287916666666667 0.7880294117647059
8 0.25833333333333336 0.7665441176470589 0.26979166666666665 0.7757352941176471 0.2864583333333333 0.7757352941176471 0.3104166666666667 0.7610294117647058 0.32708333333333334 0.7389705882352942 0.33645833333333336 0.7113970588235294 0.3416666666666667 0.6672794117647058 0.33125 0.6397058823529411 0.37395833333333334 0.5900735294117647 0.38125 0.5551470588235294 0.378125 0.5330882352941176 0.3572916666666667 0.5091911764705882 0.315625 0.5202205882352942 0.2604166666666667 0.5882352941176471 0.24479166666666666 0.6617647058823529 0.240625 0.7242647058823529 0.25833333333333336 0.7665441176470589
4 0.18333333333333332 0.5023400735294118 0.20625 0.5005018382352941 0.215625 0.4931488970588236 0.24356041666666667 0.4634926470588235 0.25946979166666667 0.4474577205882353 0.2844697916666667 0.42073529411764704 0.3145833333333333 0.36263419117647056 0.3145833333333333 0.33138419117647056 0.3020833333333333 0.3350606617647059 0.25416666666666665 0.37366360294117645 0.225 0.4067518382352941 0.17708333333333334 0.4821194852941177 0.17604166666666668 0.49131066176470595 0.18333333333333332 0.5023400735294118
10 0.28541666666666665 0.4742647058823529 0.290625 0.48713235294117646 0.303125 0.48713235294117646 0.30625 0.4632352941176471 0.3177083333333333 0.43014705882352944 0.3385416666666667 0.3952205882352941 0.346875 0.38786764705882354 0.3625 0.39889705882352944 0.38645833333333335 0.38419117647058826 0.3927083333333333 0.3584558823529412 0.39791666666666664 0.35294117647058826 0.4 0.33639705882352944 0.396875 0.32169117647058826 0.3802083333333333 0.3069852941176471 0.359375 0.3088235294117647 0.34270833333333334 0.31985294117647056 0.33229166666666665 0.3400735294117647 0.33541666666666664 0.38235294117647056 0.31145833333333334 0.40808823529411764 0.29791666666666666 0.4319852941176471 0.28854166666666664 0.43566176470588236 0.28229166666666666 0.4577205882352941 0.28541666666666665 0.4742647058823529
10 0.7552083333333334 0.5698529411764706 0.7864583333333334 0.6176470588235294 0.7739583333333333 0.7647058823529411 0.7791666666666667 0.7757352941176471 0.7885416666666667 0.7775735294117647 0.7927083333333333 0.7702205882352942 0.7958333333333333 0.7352941176470589 0.7979166666666667 0.6709558823529411 0.8083333333333333 0.6268382352941176 0.8291666666666667 0.6231617647058824 0.846875 0.6066176470588235 0.8458333333333333 0.5716911764705882 0.8302083333333333 0.5330882352941176 0.80625 0.5073529411764706 0.771875 0.5018382352941176 0.759375 0.5128676470588235 0.7541666666666667 0.5275735294117647 0.7520833333333333 0.5588235294117647 0.7552083333333334 0.5698529411764706
8 0.6 0.37734007352941173 0.6041666666666666 0.38836948529411763 0.6 0.39939889705882353 0.6020833333333333 0.41778125 0.6104166666666667 0.4600606617647059 0.6260416666666667 0.48579595588235297 0.6416666666666667 0.5005018382352941 0.6635416666666667 0.5023400735294118 0.6822916666666666 0.48395772058823533 0.6875 0.4637371323529412 0.684375 0.43064889705882353 0.678125 0.41226654411764707 0.684375 0.3920459558823529 0.6854166666666667 0.3699871323529412 0.66875 0.3387371323529412 0.634375 0.3350606617647059 0.6125 0.36263419117647056 0.6193177083333333 0.3806507352941177 0.628409375 0.3699613970588235 0.6185604166666666 0.39000367647058826 0.6 0.37734007352941173
8 0.30625 0.24632352941176472 0.328125 0.24632352941176472 0.340625 0.23713235294117646 0.35104166666666664 0.21507352941176472 0.35208333333333336 0.19301470588235295 0.36041666666666666 0.18382352941176472 0.36354166666666665 0.15808823529411764 0.321875 0.15625 0.2947916666666667 0.1801470588235294 0.29375 0.23345588235294118 0.30625 0.24632352941176472
5 0.360984375 0.15884558823529413 0.3799239583333333 0.08268382352941175 0.3304927083333334 0.08388970588235295 0.2988635416666667 0.15884558823529413 0.360984375 0.15884558823529413
2 0.5989583333333334 0.2261029411764706 0.6125 0.22794117647058823 0.6364583333333333 0.21507352941176472 0.6395833333333333 0.1875 0.615625 0.14705882352941177 0.5875 0.14522058823529413 0.5760416666666667 0.15625 0.575 0.17830882352941177 0.5989583333333334 0.2261029411764706
4 0.575 0.15441176470588236 0.603125 0.12867647058823528 0.6135416666666667 0.10477941176470588 0.6135416666666667 0.08272058823529412 0.5958333333333333 0.07904411764705882 0.5791666666666667 0.11580882352941177 0.5686427083333334 0.12891544117647058 0.5645833333333333 0.15073529411764705 0.575 0.15441176470588236
10 0.6330489583333333 0.15257352941176472 0.6642989583333333 0.15441176470588236 0.6726322916666666 0.13786764705882354 0.6674239583333333 0.10294117647058823 0.6695072916666667 0.08272058823529412 0.6632572916666667 0.08088235294117647 0.6507572916666666 0.10661764705882353 0.6236739583333333 0.11948529411764706 0.624715625 0.14154411764705882 0.6330489583333333 0.15257352941176472
10 0.6572916666666667 0.24448529411764705 0.6875 0.24632352941176472 0.7010416666666667 0.22977941176470587 0.7010416666666667 0.21691176470588236 0.6875 0.1801470588235294 0.6927083333333334 0.16911764705882354 0.690625 0.1488970588235294 0.684375 0.15441176470588236 0.6802083333333333 0.17279411764705882 0.6416666666666667 0.20220588235294118 0.64375 0.22426470588235295 0.6572916666666667 0.24448529411764705
0 0.0022333333333333333 0.9344834558823529 0.9989583333333333 0.9144558823529412 0.815984375 0.3510386029411765 0.76148125 0.28428308823529413 0.21570104166666668 0.2749375 0.21554895833333332 0.2762720588235294 0.006017708333333333 0.7675937500000001 0.0022333333333333333 0.9344834558823529
6 0.7698083333333333 0.2582481617647059 0.6986520833333334 0.05531066176470588 0.3101333333333333 0.05998529411764705 0.2353822916666667 0.23955698529411762 0.7698083333333333 0.2582481617647059