9 0.6454541666666667 0.69140625 0.6242427083333334 0.20904963235294116 0.370265625 0.21256617647058823 0.340909375 0.6753713235294118 0.6454541666666667 0.69140625
1 0.290909375 0.60321875 0.3287875 0.5671415441176471 0.33712083333333337 0.5030055147058823 0.2780302083333333 0.385422794117647 0.2537875 0.3440018382352941 0.20227291666666666 0.36137316176470585 0.17727291666666664 0.4215 0.19242395833333334 0.5016691176470589 0.26609895833333336 0.6169779411764706 0.290909375 0.60321875
1 0.7621208333333332 0.3052536764705882 0.7833333333333333 0.33197610294117647 0.8219697916666667 0.3466746323529412 0.9098489583333333 0.1422408088235294 0.9136364583333333 0.09013051470588235 0.8924239583333333 0.051380514705882355 0.8462125 0.04603676470588235 0.8272729166666667 0.07409558823529412 0.8060604166666666 0.09948345588235294 0.750946875 0.27439889705882353 0.7621208333333332 0.3052536764705882
4 0.6530302083333334 0.6286066176470588 0.6863635416666667 0.6245974264705882 0.6992427083333334 0.6112352941176471 0.7075760416666667 0.5724871323529411 0.726515625 0.5016691176470589 0.7545458333333334 0.4121470588235294 0.7651510416666666 0.35469117647058823 0.7454541666666666 0.32395955882352945 0.6969697916666667 0.3840863970588235 0.6651510416666666 0.4722738970588235 0.6524625000000001 0.6019393382352941 0.6530302083333334 0.6286066176470588
7 0.48863645833333336 0.21706617647058823 0.5022729166666667 0.19034375 0.48333333333333334 0.17430882352941177 0.475 0.12086213235294117 0.5007572916666666 0.11818933823529412 0.4977270833333333 0.07008823529411765 0.5212125 0.00728860294117647 0.4719697916666667 0 0.44090937500000005 0.10349264705882352 0.44090937500000005 0.1716360294117647 0.43106041666666667 0.21172242647058825 0.48863645833333336 0.21706617647058823
5 0.20075729166666667 0.6326139705882353 0.20833333333333334 0.5831764705882353 0.19545416666666665 0.5283933823529412 0.17196979166666668 0.4495588235294118 0.17954583333333335 0.3640441176470588 0.22954583333333334 0.3186158088235294 0.12727291666666668 0.3159430147058823 0.052083333333333336 0.638704044117647 0.20075729166666667 0.6326139705882353
5 0.24772708333333335 0.3226231617647059 0.280303125 0.10349264705882352 0.17954583333333335 0.1075 0.129734375 0.3094926470588235 0.24772708333333335 0.3226231617647059
5 0.25303020833333334 0.3226231617647059 0.34242395833333333 0.32128676470588236 0.35606041666666666 0.3092610294117647 0.35606041666666666 0.21172242647058825 0.380303125 0.20504044117647058 0.38560625000000004 0.10349264705882352 0.284090625 0.10227205882352941 0.25303020833333334 0.3226231617647059
5 0.6219697916666667 0.3146066176470588 0.7416666666666667 0.3079264705882353 0.7189395833333333 0.10616360294117647 0.6145833333333334 0.10227205882352941 0.6219697916666667 0.3146066176470588
5 0.9386364583333333 0.6339503676470589 0.859090625 0.3186158088235294 0.8325760416666667 0.33464889705882356 0.8272729166666667 0.35201838235294114 0.7681822916666667 0.3440018382352941 0.76060625 0.3947757352941177 0.8022729166666667 0.6352867647058824 0.9386364583333333 0.6339503676470589
0 0.004545833333333333 0.9532941176470588 0.998484375 0.9225625000000001 0.9962125000000001 0.5457628676470588 0.9090906249999999 0.21706617647058823 0.9204541666666667 0.15560294117647058 0.9295458333333334 0.07142463235294116 0.851515625 0.03668382352941176 0.1462125 0.038020220588235294 0.001515625 0.55378125 0.004545833333333333 0.9532941176470588