5 0.6107542145833332 0.5109620055147058 0.6431822916666667 0.7902830882352941 0.776515625 0.7916176470588235 0.7128791666666667 0.5083511029411765 0.6107542145833332 0.5109620055147058
5 0.7772729166666666 0.7755845588235294 0.9181822916666668 0.7916176470588235 0.819696875 0.5083511029411765 0.71875 0.5050128676470588 0.7772729166666666 0.7755845588235294
5 0.7083333333333334 0.5043419117647059 0.675 0.33464889705882356 0.592803125 0.33957169117647057 0.61060625 0.5016691176470589 0.7083333333333334 0.5043419117647059
5 0.7136364583333333 0.5136948529411764 0.819696875 0.5030055147058823 0.7568187500000001 0.3333125 0.6770833333333334 0.3362297794117647 0.7136364583333333 0.5136948529411764
5 0.38560625000000004 0.5083511029411765 0.401515625 0.3333125 0.323484375 0.34132904411764703 0.284090625 0.5030055147058823 0.38560625000000004 0.5083511029411765
5 0.280303125 0.5110238970588236 0.31893958333333333 0.34533823529411767 0.240909375 0.3386580882352941 0.180303125 0.4949889705882353 0.280303125 0.5110238970588236
7 0.4010416666666667 0.5680147058823529 0.45729166666666665 0.5974264705882353 0.4739583333333333 0.6029411764705882 0.48125 0.5955882352941176 0.48020833333333335 0.46691176470588236 0.484375 0.43933823529411764 0.49583333333333335 0.40808823529411764 0.490625 0.3915441176470588 0.4895833333333333 0.3639705882352941 0.5 0.3400735294117647 0.5 0.3161764705882353 0.5197916666666667 0.25 0.5375 0.21323529411764705 0.5614583333333333 0.13786764705882354 0.55625 0.11029411764705882 0.5427083333333333 0.1213235294117647 0.47291666666666665 0.2775735294117647 0.45416666666666666 0.3400735294117647 0.45416666666666666 0.3694852941176471 0.44895833333333335 0.39338235294117646 0.40520833333333334 0.5238970588235294 0.39791666666666664 0.5533088235294118 0.4010416666666667 0.5680147058823529
4 0.090625 0.7830882352941176 0.12291666666666666 0.7775735294117647 0.1375 0.7573529411764706 0.14166666666666666 0.7389705882352942 0.15416666666666667 0.71875 0.23958333333333334 0.6011029411764706 0.24479166666666666 0.5827205882352942 0.2625 0.5588235294117647 0.2760416666666667 0.5275735294117647 0.271875 0.5073529411764706 0.26666666666666666 0.5055147058823529 0.22291666666666668 0.5459558823529411 0.1625 0.6158088235294118 0.12083333333333333 0.6801470588235294 0.07916666666666666 0.7573529411764706 0.08020833333333334 0.7720588235294118 0.090625 0.7830882352941176
8 0.234375 0.7224264705882353 0.265909375 0.7567867647058824 0.276515625 0.7527775735294118 0.2992427083333334 0.7474338235294118 0.31136354166666663 0.7273915441176471 0.3295458333333333 0.6993308823529412 0.334090625 0.639204044117647 0.3385416666666667 0.625 0.3333333333333333 0.6084558823529411 0.37083333333333335 0.5643382352941176 0.37916666666666665 0.5294117647058824 0.37604166666666666 0.5091911764705882 0.3645833333333333 0.49080882352941174 0.3541666666666667 0.4852941176470588 0.328125 0.4852941176470588 0.309375 0.4963235294117647 0.2916666666666667 0.5220588235294118 0.2677083333333333 0.5367647058823529 0.2625 0.5496323529411765 0.25 0.5588235294117647 0.24583333333333332 0.5716911764705882 0.23125 0.6654411764705882 0.23020833333333332 0.7022058823529411 0.234375 0.7224264705882353
0 0.008333333333333333 0.9133014705882353 0.98560625 0.9533860294117648 0.9954541666666666 0.7970551470588235 0.8098489583333334 0.3454301470588235 0.20227291666666666 0.2717573529411765 0.001515625 0.7808382352941177 0.008333333333333333 0.9133014705882353
6 0.2212125 0.2556323529411765 0.7681822916666667 0.2836911764705882 0.7424239583333333 0.2275735294117647 0.68939375 0.06188786764705883 0.30266145833333336 0.06129044117647059 0.2963510416666667 0.07983823529411765 0.2212125 0.2556323529411765
10 0.325 0.15808823529411764 0.346875 0.15257352941176472 0.35520833333333335 0.13786764705882354 0.35208333333333336 0.12683823529411764 0.36354166666666665 0.10477941176470588 0.37604166666666666 0.0974264705882353 0.3770833333333333 0.08272058823529412 0.371875 0.07904411764705882 0.34791666666666665 0.10294117647058823 0.321875 0.10845588235294118 0.30520833333333336 0.12683823529411764 0.3072916666666667 0.15257352941176472 0.325 0.15808823529411764
10 0.37395833333333334 0.15441176470588236 0.40729166666666666 0.15441176470588236 0.4166666666666667 0.14154411764705882 0.42083333333333334 0.10845588235294118 0.43333333333333335 0.09558823529411764 0.4354166666666667 0.08272058823529412 0.42916666666666664 0.08088235294117647 0.4125 0.10110294117647059 0.3958333333333333 0.11029411764705882 0.3770833333333333 0.11397058823529412 0.3697916666666667 0.12867647058823528 0.3697916666666667 0.1488970588235294 0.37395833333333334 0.15441176470588236
10 0.27708333333333335 0.2426470588235294 0.28854166666666664 0.24816176470588236 0.31354166666666666 0.24448529411764705 0.32916666666666666 0.2261029411764706 0.33229166666666665 0.21507352941176472 0.3302083333333333 0.20036764705882354 0.36041666666666666 0.16176470588235295 0.36041666666666666 0.15441176470588236 0.35625 0.1488970588235294 0.3186458333333333 0.18370772058823528 0.2760416666666667 0.20772058823529413 0.27395833333333336 0.22977941176470587 0.27708333333333335 0.2426470588235294
5 0.4169635416666667 0.2467720588235294 0.430425 0.15774080882352942 0.3664854166666667 0.1547720588235294 0.3467145833333333 0.24751286764705882 0.4169635416666667 0.2467720588235294
5 0.6323385416666666 0.15403125 0.649165625 0.2452886029411765 0.7232000000000001 0.24231985294117647 0.692071875 0.15551470588235294 0.6319187500000001 0.15328860294117647 0.6323385416666666 0.15403125
4 0.59375 0.13786764705882354 0.6145833333333334 0.10294117647058823 0.6135416666666667 0.08272058823529412 0.609375 0.07720588235294118 0.5958333333333333 0.07904411764705882 0.5833333333333334 0.11029411764705882 0.565625 0.1323529411764706 0.56875 0.15441176470588236 0.59375 0.13786764705882354
2 0.6458333333333334 0.13602941176470587 0.6552083333333333 0.14338235294117646 0.6770833333333334 0.13786764705882354 0.6822916666666666 0.13051470588235295 0.684375 0.10294117647058823 0.6645833333333333 0.07904411764705882 0.6479166666666667 0.07352941176470588 0.6270833333333333 0.08088235294117647 0.625 0.10661764705882353 0.6458333333333334 0.13602941176470587
5 0.5770229166666667 0.25048161764705884 0.6472718749999999 0.24454595588235292 0.6304458333333333 0.15625735294117649 0.5687145833333334 0.15514705882352942 0.5770229166666667 0.25048161764705884