4 0.5802083333333333 0.7352941176470589 0.6068177083333333 0.7127849264705882 0.6181822916666667 0.6994227941176471 0.6208333333333333 0.6470588235294118 0.6114583333333333 0.6397058823529411 0.5979166666666667 0.6452205882352942 0.5864583333333333 0.6672794117647058 0.5885416666666666 0.6819852941176471 0.5729166666666666 0.7003676470588235 0.5739583333333333 0.7279411764705882 0.5802083333333333 0.7352941176470589
4 0.6427083333333333 0.7058823529411765 0.6510416666666666 0.7316176470588235 0.6729166666666667 0.7169117647058824 0.6885416666666667 0.6783088235294118 0.678125 0.6415441176470589 0.659375 0.6470588235294118 0.6510416666666666 0.6966911764705882 0.6427083333333333 0.7058823529411765
2 0.39166666666666666 0.71875 0.42291666666666666 0.7058823529411765 0.41875 0.7003676470588235 0.41875 0.6709558823529411 0.4083333333333333 0.6415441176470589 0.39479166666666665 0.6378676470588235 0.3770833333333333 0.6452205882352942 0.3802083333333333 0.7169117647058824 0.39166666666666666 0.71875
8 0.36354166666666665 0.6488970588235294 0.3770833333333333 0.6397058823529411 0.39166666666666666 0.5992647058823529 0.3802083333333333 0.5919117647058824 0.346875 0.59375 0.33645833333333336 0.6102941176470589 0.3375 0.6452205882352942 0.36354166666666665 0.6488970588235294
8 0.4010416666666667 0.6360294117647058 0.41041666666666665 0.6488970588235294 0.4239583333333333 0.6488970588235294 0.434375 0.6415441176470589 0.446875 0.5974264705882353 0.43645833333333334 0.5882352941176471 0.41875 0.5863970588235294 0.4010416666666667 0.59375 0.3927083333333333 0.6066176470588235 0.3927083333333333 0.6360294117647058 0.4010416666666667 0.6360294117647058
8 0.7177083333333333 0.9044117647058824 0.759375 0.9981617647058824 0.834375 0.9981617647058824 0.8354166666666667 0.9852941176470589 0.8197916666666667 0.9301470588235294 0.809375 0.9117647058823529 0.8020833333333334 0.8713235294117647 0.7739583333333333 0.8308823529411765 0.7395833333333334 0.8235294117647058 0.7322916666666667 0.8272058823529411 0.715625 0.8602941176470589 0.7114583333333333 0.8713235294117647 0.7177083333333333 0.9044117647058824
5 0.751515625 0.9981617647058824 0.6772729166666667 0.8212886029411764 0.601515625 0.8252959558823529 0.6280302083333333 0.9981617647058824 0.751515625 0.9981617647058824
5 0.3689395833333334 0.9981617647058824 0.401515625 0.8319779411764706 0.31212083333333335 0.8319779411764706 0.2469697916666667 0.9976617647058823 0.3689395833333334 0.9981617647058824
5 0.24242395833333333 0.9981617647058824 0.3045458333333333 0.8252959558823529 0.225 0.8252959558823529 0.12727291666666668 0.9949889705882353 0.24242395833333333 0.9981617647058824
5 0.3530302083333333 0.73978125 0.37651562499999996 0.6529301470588236 0.3181822916666667 0.642045955882353 0.27424270833333336 0.7304283088235294 0.3530302083333333 0.73978125
5 0.6158385416666667 0.640797794117647 0.5981708333333333 0.5918308823529412 0.5542125 0.5912683823529411 0.5636770833333333 0.6482169117647059 0.6158385416666667 0.640797794117647
5 0.6772541666666666 0.6430238970588236 0.64865 0.5955404411764705 0.6057427083333333 0.5912683823529411 0.6238312500000001 0.6467334558823529 0.6772541666666666 0.6430238970588236
0 0.9406895833333333 0.9981617647058824 0.8423552083333333 0.8343327205882353 0.8051072916666667 0.8382738970588236 0.7753093750000001 0.7725790441176471 0.20020625 0.7660955882352941 0.056430208333333336 0.9981617647058824 0.9406895833333333 0.9981617647058824
6 0.771584375 0.7646948529411766 0.6590968749999999 0.5794338235294118 0.3253583333333333 0.5649816176470589 0.20914583333333334 0.7607536764705882 0.771584375 0.7646948529411766