5 0.6424239583333333 0.7715753676470589 0.6348489583333333 0.7809283088235294 0.7689395833333333 0.782264705882353 0.7083333333333334 0.512360294117647 0.6136364583333334 0.5033419117647059 0.6424239583333333 0.7715753676470589
5 0.7863635416666667 0.7769209558823529 0.915909375 0.782264705882353 0.81439375 0.5070147058823529 0.717803125 0.5066838235294118 0.7863635416666667 0.7769209558823529
5 0.7060604166666666 0.5030055147058823 0.6727270833333333 0.3359852941176471 0.5893937499999999 0.34132904411764703 0.6113635416666666 0.49231617647058823 0.7060604166666666 0.5030055147058823
5 0.7159093750000001 0.5110238970588236 0.8075760416666667 0.49766176470588236 0.76060625 0.3426654411764706 0.6795458333333334 0.33999448529411763 0.7159093750000001 0.5110238970588236
5 0.3825760416666667 0.5016691176470589 0.40606041666666665 0.33732169117647054 0.32386354166666664 0.3362297794117647 0.2833333333333333 0.5070147058823529 0.3825760416666667 0.5016691176470589
5 0.3462125 0.7809283088235294 0.38333333333333336 0.5083511029411765 0.280303125 0.5150404411764706 0.2212125 0.7648952205882353 0.3462125 0.7809283088235294
5 0.20833333333333334 0.7742481617647058 0.276515625 0.5043419117647059 0.17613645833333333 0.5033419117647059 0.07727291666666666 0.7782573529411765 0.20833333333333334 0.7742481617647058
5 0.28181770833333336 0.5056783088235294 0.31590937500000005 0.33732169117647054 0.240909375 0.34132904411764703 0.17575729166666668 0.49899816176470585 0.28181770833333336 0.5056783088235294
5 0.6443302083333333 0.24769117647058825 0.650396875 0.24769117647058825 0.6269375 0.15780514705882354 0.5703114583333334 0.15631801470588236 0.5775916666666667 0.24555147058823532 0.6443302083333333 0.24769117647058825
5 0.7256302083333334 0.24555147058823532 0.6912489583333333 0.15566360294117645 0.6321958333333334 0.15923161764705882 0.6508020833333333 0.2462647058823529 0.7256302083333334 0.24555147058823532
5 0.41516770833333333 0.25090992647058824 0.4254822916666667 0.1599466911764706 0.3670322916666667 0.15805882352941175 0.347778125 0.25090992647058824 0.41516770833333333 0.25090992647058824
5 0.347778125 0.24969669117647061 0.36565729166666666 0.15509558823529412 0.30514375 0.1575220588235294 0.27420000000000005 0.23878124999999997 0.347778125 0.24969669117647061
5 0.42892083333333336 0.15873529411764706 0.4378604166666667 0.08838970588235295 0.3862864583333333 0.09202941176470589 0.36840729166666664 0.1575220588235294 0.42892083333333336 0.15873529411764706
7 0.440625 0.41911764705882354 0.3986645833333334 0.5541194852941176 0.4364854166666667 0.5723106617647059 0.45625 0.59375 0.47604166666666664 0.5992647058823529 0.4822916666666667 0.5496323529411765 0.48125 0.4485294117647059 0.496875 0.40808823529411764 0.49375 0.39705882352941174 0.50625 0.29044117647058826 0.54375 0.1948529411764706 0.5520833333333334 0.15441176470588236 0.5583333333333333 0.14338235294117646 0.55625 0.12683823529411764 0.5489583333333333 0.12316176470588236 0.534375 0.14705882352941177 0.4739583333333333 0.2775735294117647 0.4552083333333333 0.3400735294117647 0.4552083333333333 0.3717830882352941 0.440625 0.41911764705882354
4 0.565109375 0.13097058823529412 0.565109375 0.14751470588235294 0.568234375 0.15486764705882353 0.5755260416666667 0.15302941176470589 0.5942760416666667 0.1383235294117647 0.6046927083333333 0.12361764705882354 0.611984375 0.1070735294117647 0.6130260416666666 0.10339705882352941 0.6130260416666666 0.0831764705882353 0.611984375 0.08133823529411764 0.605734375 0.07766176470588235 0.593234375 0.08133823529411764 0.5880260416666666 0.10155882352941176 0.565109375 0.13097058823529412
2 0.6239583333333333 0.10110294117647059 0.625 0.10661764705882353 0.646875 0.13786764705882354 0.6510416666666666 0.14154411764705882 0.6729166666666667 0.13970588235294118 0.6791666666666667 0.13602941176470587 0.6822916666666666 0.13051470588235295 0.6854166666666667 0.10661764705882353 0.6645833333333333 0.07904411764705882 0.6572916666666667 0.07352941176470588 0.6510416666666666 0.07352941176470588 0.63125 0.07536764705882353 0.6270833333333333 0.08088235294117647 0.6270833333333333 0.08823529411764706 0.6239583333333333 0.10110294117647059
10 0.30833333333333335 0.15257352941176472 0.3177083333333333 0.15808823529411764 0.34375 0.15257352941176472 0.353125 0.13786764705882354 0.35625 0.11580882352941177 0.37604166666666666 0.09558823529411764 0.378125 0.08455882352941177 0.3697916666666667 0.07904411764705882 0.3416666666666667 0.11029411764705882 0.31979166666666664 0.10845588235294118 0.30520833333333336 0.125 0.30416666666666664 0.13970588235294118 0.30833333333333335 0.15257352941176472
0 0.01439375 0.9452775735294118 0.984090625 0.9506231617647058 0.9989583333333333 0.787610294117647 0.8060604166666666 0.29590073529411764 0.20170416666666666 0.27105698529411765 0.0022729166666666666 0.7809283088235294 0.01439375 0.9452775735294118
6 0.7621208333333332 0.2584871323529412 0.690909375 0.062069852941176465 0.301515625 0.055389705882352945 0.20984895833333334 0.2691764705882353 0.7621208333333332 0.2584871323529412