7 0.153125 0.9393382352941176 0.17604166666666668 0.9577205882352942 0.18958333333333333 0.9852941176470589 0.20729166666666668 0.9981617647058824 0.3 0.9981617647058824 0.3625 0.9025735294117647 0.378125 0.9080882352941176 0.3885416666666667 0.9411764705882353 0.3958333333333333 0.9448529411764706 0.39791666666666664 0.9375 0.39375 0.9264705882352942 0.409375 0.8933823529411765 0.41354166666666664 0.8566176470588235 0.43020833333333336 0.7941176470588235 0.44895833333333335 0.7647058823529411 0.4552083333333333 0.7444852941176471 0.5260416666666666 0.6341911764705882 0.55 0.6158088235294118 0.5666666666666667 0.5845588235294118 0.5708333333333333 0.5606617647058824 0.6125 0.4944852941176471 0.6364583333333333 0.48713235294117646 0.7020833333333333 0.3805147058823529 0.7125 0.35661764705882354 0.715625 0.3290441176470588 0.703125 0.29044117647058826 0.7302083333333333 0.2555147058823529 0.7322916666666667 0.23529411764705882 0.7291666666666666 0.22058823529411764 0.5875 0.35294117647058826 0.5854166666666667 0.36213235294117646 0.5302083333333333 0.41911764705882354 0.5072916666666667 0.4375 0.4875 0.4430147058823529 0.35 0.5753676470588235 0.203125 0.7297794117647058 0.15104166666666666 0.7941176470588235 0.14583333333333334 0.8676470588235294 0.14270833333333333 0.9191176470588235 0.153125 0.9393382352941176
10 0.6677083333333333 0.7775735294117647 0.6416666666666667 0.9319852941176471 0.6447916666666667 0.9522058823529411 0.6552083333333333 0.9613970588235294 0.6625 0.9540441176470589 0.659375 0.9319852941176471 0.66875 0.9191176470588235 0.6729166666666667 0.8933823529411765 0.6822916666666666 0.8308823529411765 0.68125 0.7996323529411765 0.7260416666666667 0.7665441176470589 0.7333333333333333 0.7463235294117647 0.7333333333333333 0.7242647058823529 0.7270833333333333 0.6948529411764706 0.7166666666666667 0.6727941176470589 0.6833333333333333 0.6488970588235294 0.6572916666666667 0.6507352941176471 0.6427083333333333 0.6875 0.6479166666666667 0.7297794117647058 0.6677083333333333 0.7775735294117647
8 0.725 0.6231617647058824 0.753125 0.6488970588235294 0.7791666666666667 0.6488970588235294 0.7895833333333333 0.6378676470588235 0.7927083333333333 0.6268382352941176 0.790625 0.6047794117647058 0.775 0.5294117647058824 0.7552083333333334 0.4852941176470588 0.7135416666666666 0.48161764705882354 0.69375 0.5165441176470589 0.6927083333333334 0.5404411764705882 0.725 0.6231617647058824
8 0.325 0.2977941176470588 0.3302083333333333 0.30330882352941174 0.3458333333333333 0.3069852941176471 0.36041666666666666 0.30330882352941174 0.36666666666666664 0.2977941176470588 0.371875 0.28308823529411764 0.37083333333333335 0.2702205882352941 0.3729166666666667 0.2665441176470588 0.3770833333333333 0.2647058823529412 0.37916666666666665 0.25919117647058826 0.3697916666666667 0.24632352941176472 0.365625 0.24632352941176472 0.3614583333333333 0.2426470588235294 0.3489583333333333 0.2426470588235294 0.33229166666666665 0.24632352941176472 0.32395833333333335 0.2610294117647059 0.3229166666666667 0.27941176470588236 0.325 0.2977941176470588
8 0.384375 0.26838235294117646 0.384375 0.2775735294117647 0.3875 0.29044117647058826 0.4239583333333333 0.29963235294117646 0.4270833333333333 0.2977941176470588 0.4375 0.26286764705882354 0.4375 0.2536764705882353 0.43333333333333335 0.24632352941176472 0.403125 0.24448529411764705 0.390625 0.2536764705882353 0.3875 0.25919117647058826 0.3875 0.26286764705882354 0.384375 0.26838235294117646
8 0.36770833333333336 0.32536764705882354 0.3697916666666667 0.3290441176470588 0.3697916666666667 0.34191176470588236 0.3729166666666667 0.36580882352941174 0.3770833333333333 0.375 0.4 0.3713235294117647 0.4125 0.3639705882352941 0.41458333333333336 0.33639705882352944 0.403125 0.30514705882352944 0.39895833333333336 0.2977941176470588 0.3958333333333333 0.2959558823529412 0.39479166666666665 0.2977941176470588 0.3854166666666667 0.2977941176470588 0.384375 0.2959558823529412 0.38229166666666664 0.29963235294117646 0.37395833333333334 0.29963235294117646 0.3729166666666667 0.2977941176470588 0.36875 0.3014705882352941 0.36770833333333336 0.30330882352941174 0.36770833333333336 0.32536764705882354
5 0.268759375 0.6503161764705883 0.31417187500000004 0.47752022058823534 0.23227083333333332 0.47483639705882347 0.156234375 0.6485349264705882 0.268759375 0.6503161764705883
5 0.39288854166666665 0.5354154411764707 0.4014666666666667 0.4801930147058824 0.3183666666666667 0.4765073529411765 0.268759375 0.6512077205882353 0.39288854166666665 0.5354154411764707
5 0.26928124999999997 0.6542665441176471 0.15516249999999998 0.6543198529411764 0.07297708333333335 0.8391433823529413 0.26928124999999997 0.6542665441176471
5 0.7139229166666666 0.6586636029411764 0.7975781249999999 0.9694485294117647 0.9512697916666667 0.9728841911764706 0.8267604166666668 0.650079044117647 0.7222520833333334 0.6514430147058823 0.7139229166666666 0.6586636029411764
5 0.7129510416666667 0.6432113970588235 0.6643145833333333 0.47665808823529415 0.6351322916666666 0.4835257352941177 0.59458125 0.5371838235294117 0.6030322916666666 0.651795955882353 0.7129510416666667 0.6432113970588235
5 0.3434270833333333 0.3941985294117647 0.36495625 0.31111029411764707 0.305821875 0.3035275735294118 0.2715447916666667 0.38968933823529417 0.3434270833333333 0.3941985294117647
5 0.6208479166666667 0.31088051470588235 0.6023875000000001 0.25064705882352944 0.5523614583333334 0.24967095588235294 0.5619614583333333 0.30957720588235293 0.6208479166666667 0.31088051470588235
5 0.6655197916666666 0.27734558823529415 0.656290625 0.24967095588235294 0.6054802083333333 0.24969485294117647 0.6236166666666667 0.3092518382352941 0.6655197916666666 0.27734558823529415
0 0.998215625 0.870045955882353 0.7817458333333334 0.4557886029411765 0.20069479166666668 0.424875 0.19598740625 0.4308052536764706 0.19784102916666668 0.43047825919117644 0 0.8391323529411765 0.006134375 0.9411507352941176 0.9719239583333333 0.9981617647058824 0.998215625 0.870045955882353
6 0.760378125 0.42923713235294114 0.6768364583333334 0.23550551470588238 0.310184375 0.2232279411764706 0.2134322916666667 0.41447426470588233 0.760378125 0.42923713235294114