1 0.7856062500000001 0.9786819852941177 0.8007572916666666 0.9981617647058824 0.8492427083333334 0.9981617647058824 0.8704541666666666 0.9760091911764706 0.884090625 0.8998474264705882 0.8886364583333334 0.8437297794117646 0.8818187500000001 0.8036433823529412 0.8628791666666668 0.7729117647058823 0.8136364583333333 0.7662316176470588 0.8007572916666666 0.7782573529411765 0.78939375 0.8183419117647058 0.7780302083333334 0.9466139705882353 0.7856062500000001 0.9786819852941177
7 0.4727270833333333 0.9981617647058824 0.48181770833333337 0.9960514705882353 0.48181770833333337 0.9760091911764706 0.494696875 0.9332518382352941 0.4977270833333333 0.8958400735294118 0.48787916666666664 0.8904944852941176 0.4825760416666667 0.8544191176470588 0.4901510416666667 0.8423933823529411 0.49318229166666666 0.8423933823529411 0.501515625 0.8196783088235293 0.5022729166666667 0.8103253676470589 0.509090625 0.7809283088235294 0.5166666666666667 0.7622224264705882 0.5295458333333333 0.74084375 0.544696875 0.6753713235294118 0.5568177083333333 0.6272702205882353 0.5469697916666667 0.6192536764705883 0.5371208333333333 0.6286066176470588 0.5340906249999999 0.6486488970588236 0.5166666666666667 0.6753713235294118 0.49696979166666666 0.7127849264705882 0.4825760416666667 0.7381709558823529 0.4628791666666666 0.7902830882352941 0.45 0.8317040441176471 0.44924270833333335 0.8798051470588235 0.43560625000000003 0.8985110294117648 0.4022729166666667 0.9981617647058824 0.4727270833333333 0.9981617647058824
5 0.24772708333333335 0.9981617647058824 0.3075760416666667 0.8223511029411764 0.22651562500000003 0.8210147058823529 0.13257604166666667 0.989639705882353 0.24772708333333335 0.9981617647058824
5 0.369696875 0.9981617647058824 0.4045458333333333 0.8317040441176471 0.313446875 0.8292113970588235 0.24772708333333335 0.9981617647058824 0.369696875 0.9981617647058824
5 0.623484375 0.9981617647058824 0.7522729166666667 0.9981617647058824 0.6878791666666667 0.8250220588235294 0.5965906249999999 0.8292113970588235 0.623484375 0.9981617647058824
0 0.9522729166666667 0.9981617647058824 0.8939395833333333 0.8985110294117648 0.8977270833333333 0.7929540441176471 0.8416666666666667 0.7635588235294117 0.8174239583333333 0.7448529411764706 0.780303125 0.7542058823529412 0.19886354166666667 0.7673805147058823 0.03484895833333333 0.9981617647058824 0.9522729166666667 0.9981617647058824
6 0.7871208333333333 0.7582150735294118 0.6712125 0.5604613970588236 0.3380677083333333 0.5752003676470588 0.21893958333333333 0.7395073529411764 0.7871208333333333 0.7582150735294118
5 0.3795458333333333 0.6580018382352941 0.39924270833333336 0.5871856617647059 0.348484375 0.5868988970588236 0.3181822916666667 0.649985294117647 0.3795458333333333 0.6580018382352941
5 0.3477270833333333 0.7341636029411764 0.375 0.6459761029411765 0.3181822916666667 0.6470588235294118 0.27424270833333336 0.7288180147058823 0.3477270833333333 0.7341636029411764
5 0.41969687499999997 0.7261470588235294 0.4325760416666667 0.644639705882353 0.379734375 0.6437169117647059 0.351515625 0.7221378676470589 0.41969687499999997 0.7261470588235294
5 0.3795458333333333 0.6366231617647058 0.43560625000000003 0.6539926470588235 0.444696875 0.5938658088235294 0.401515625 0.5919117647058824 0.3795458333333333 0.6366231617647058
5 0.6462125000000001 0.7301544117647059 0.6219697916666667 0.6513216911764707 0.56060625 0.6553290441176471 0.5814395833333333 0.7289430147058824 0.6462125000000001 0.7301544117647059
5 0.6530302083333334 0.7314908088235293 0.7219697916666666 0.7274816176470589 0.6818177083333333 0.6473125 0.6306822916666667 0.6504007352941176 0.6530302083333334 0.7314908088235293
5 0.5636364583333333 0.6539926470588235 0.619696875 0.6473125 0.6075760416666667 0.5911930147058824 0.5568177083333333 0.5898566176470589 0.5636364583333333 0.6539926470588235
2 0.6667666666666666 0.6290091911764706 0.6681645833333333 0.6078786764705882 0.6358197916666666 0.5765386029411764 0.6128583333333334 0.5846378676470588 0.612059375 0.6085845588235294 0.6409104166666667 0.6409099264705882 0.6667666666666666 0.6290091911764706