8 0.6246062499999999 0.886858455882353 0.6161927083333333 0.9099264705882353 0.6370260416666667 0.9981617647058824 0.710984375 0.9981617647058824 0.7005677083333333 0.875 0.6828593749999999 0.8400735294117647 0.664109375 0.8272058823529411 0.6359843749999999 0.8290441176470589 0.629734375 0.84375 0.626575 0.8564797794117647 0.6231302083333333 0.8616874999999999 0.6227270833333333 0.8839963235294118 0.6210229166666666 0.8950275735294118 0.6246062499999999 0.886858455882353
8 0.715625 0.8952205882352942 0.7239583333333334 0.9338235294117647 0.7416666666666667 0.9558823529411765 0.7583333333333333 0.9963235294117647 0.83125 0.9981617647058824 0.8333333333333334 0.9926470588235294 0.81875 0.9319852941176471 0.80625 0.9172794117647058 0.803125 0.8768382352941176 0.7739583333333333 0.8327205882352942 0.734375 0.8272058823529411 0.7166666666666667 0.8602941176470589 0.7135416666666666 0.8713235294117647 0.715625 0.8952205882352942
5 0.36785729166666664 0.9954871323529411 0.3958260416666667 0.828248161764706 0.313284375 0.8270441176470588 0.2566645833333333 0.9981617647058824 0.36785729166666664 0.9954871323529411
5 0.24302083333333335 0.9981617647058824 0.3098739583333333 0.8294503676470588 0.22340937500000002 0.8219080882352942 0.12910000000000002 0.9981617647058824 0.24302083333333335 0.9981617647058824
5 0.645328125 0.7283823529411765 0.61940625 0.6501764705882354 0.5648322916666667 0.6525827205882353 0.5784760416666667 0.7307886029411764 0.645328125 0.7283823529411765
7 0.409375 0.9981617647058824 0.475 0.9981617647058824 0.475 0.9558823529411765 0.4947916666666667 0.9154411764705882 0.4947916666666667 0.9025735294117647 0.4822916666666667 0.8621323529411765 0.4979166666666667 0.8400735294117647 0.5052083333333334 0.78125 0.54375 0.6764705882352942 0.5447916666666667 0.65625 0.5510416666666667 0.6415441176470589 0.5447916666666667 0.6194852941176471 0.5364583333333334 0.6231617647058824 0.45625 0.8161764705882353 0.4510416666666667 0.8713235294117647 0.409375 0.9981617647058824
8 0.30416666666666664 0.7297794117647058 0.315625 0.7352941176470589 0.33541666666666664 0.7316176470588235 0.35104166666666664 0.7150735294117647 0.371875 0.65625 0.334375 0.6507352941176471 0.3072916666666667 0.6691176470588235 0.2989583333333333 0.6911764705882353 0.2947916666666667 0.7169117647058824 0.30416666666666664 0.7297794117647058
8 0.428125 0.6488970588235294 0.4354166666666667 0.6415441176470589 0.45 0.5863970588235294 0.44479166666666664 0.5882352941176471 0.44375 0.5790441176470589 0.4197916666666667 0.5827205882352942 0.39895833333333336 0.5974264705882353 0.3927083333333333 0.6102941176470589 0.39375 0.6452205882352942 0.428125 0.6488970588235294
4 0.5635416666666667 0.6488970588235294 0.5916666666666667 0.6360294117647058 0.6023520833333333 0.6104724264705882 0.5927083333333333 0.5790441176470589 0.5802083333333333 0.5808823529411765 0.575 0.5900735294117647 0.575065625 0.6140808823529412 0.5541666666666667 0.625 0.5635416666666667 0.6488970588235294
10 0.6229166666666667 0.6470588235294118 0.6427083333333333 0.6507352941176471 0.6604166666666667 0.6415441176470589 0.6541666666666667 0.6231617647058824 0.6552083333333333 0.6066176470588235 0.646875 0.5863970588235294 0.6364583333333333 0.6066176470588235 0.6177083333333333 0.6158088235294118 0.6125 0.6286764705882353 0.6229166666666667 0.6470588235294118
10 0.653125 0.7297794117647058 0.6791666666666667 0.7352941176470589 0.6927083333333334 0.7279411764705882 0.6889864583333334 0.7127408088235294 0.6896687499999999 0.6958970588235294 0.6875 0.6930147058823529 0.6791666666666667 0.6801470588235294 0.68125 0.6544117647058824 0.678125 0.6452205882352942 0.6666666666666666 0.6525735294117647 0.66875 0.6599264705882353 0.6635416666666667 0.6764705882352942 0.6385416666666667 0.6875 0.6395833333333333 0.7132352941176471 0.653125 0.7297794117647058
5 0.41884895833333335 0.7307886029411764 0.42976354166666664 0.6525827205882353 0.37774895833333333 0.6503639705882353 0.34926875 0.7331948529411765 0.41884895833333335 0.7307886029411764
5 0.37655520833333334 0.6477702205882353 0.3949739583333333 0.5948308823529412 0.34995104166666663 0.5948308823529412 0.3178885416666667 0.6453639705882352 0.37655520833333334 0.6477702205882353
0 0.204760803125 0.7767403327205882 0.06341770833333334 0.9981617647058824 0.9277510416666667 0.994329044117647 0.7758572916666666 0.7713033088235294 0.204760803125 0.7767403327205882
6 0.759665625 0.754985294117647 0.6655989583333334 0.5754761029411766 0.330196875 0.5754761029411766 0.21762499999999999 0.7631433823529411 0.759665625 0.754985294117647