5 0.21893958333333333 0.7809283088235294 0.23560625 0.6900698529411765 0.21742395833333333 0.6539926470588235 0.20303020833333332 0.5818400735294118 0.21212083333333334 0.5390827205882354 0.2431822916666667 0.5016691176470589 0.17196979166666668 0.5070147058823529 0.07670416666666666 0.7757352941176471 0.21893958333333333 0.7809283088235294
5 0.28560625 0.49766176470588236 0.326515625 0.33732169117647054 0.23712083333333334 0.3440018382352941 0.17803020833333333 0.49665808823529417 0.28560625 0.49766176470588236
5 0.325 0.3386580882352941 0.28787916666666663 0.5003345588235294 0.38787916666666666 0.5070147058823529 0.4037875 0.33464889705882356 0.3229166666666667 0.3362297794117647 0.325 0.3386580882352941
7 0.4780302083333333 0.5858492647058824 0.48106041666666666 0.569814338235294 0.47878750000000003 0.5257205882352941 0.484090625 0.4415422794117647 0.494696875 0.41882720588235295 0.4901510416666667 0.38943198529411766 0.48560625 0.3747334558823529 0.48712083333333334 0.3587003676470588 0.494696875 0.35469117647058823 0.501515625 0.3186158088235294 0.49848437500000004 0.29990808823529413 0.5204541666666667 0.2464613970588235 0.5363635416666667 0.22508272058823528 0.544696875 0.18499816176470588 0.5515156250000001 0.16495588235294117 0.559090625 0.13288786764705882 0.555303125 0.1275422794117647 0.5522729166666667 0.11017279411764705 0.5462125 0.11017279411764705 0.5378791666666667 0.13422426470588236 0.5295458333333333 0.14491360294117647 0.523484375 0.18366176470588236 0.5083333333333333 0.21172242647058825 0.4924239583333333 0.2304283088235294 0.476515625 0.27184926470588233 0.46212083333333337 0.3079264705882353 0.45530312500000003 0.33732169117647054 0.45681770833333335 0.3747334558823529 0.444696875 0.3974485294117647 0.39678020833333333 0.5501341911764707 0.4780302083333333 0.5858492647058824
4 0.6674239583333333 0.7689044117647059 0.6848489583333334 0.7475257352941176 0.6954541666666666 0.6940790441176471 0.7151520833333334 0.6326139705882353 0.7189395833333333 0.5805036764705882 0.7257572916666667 0.543091911764706 0.7143937499999999 0.5083511029411765 0.694696875 0.5190404411764706 0.6704541666666667 0.559125 0.6462125000000001 0.6486488970588236 0.6401510416666666 0.7590238970588236 0.6674239583333333 0.7689044117647059
5 0.7075760416666667 0.49231617647058823 0.6742427083333333 0.3386580882352941 0.5878791666666667 0.3306397058823529 0.6079541666666667 0.49665808823529417 0.7075760416666667 0.49231617647058823
5 0.719735709375 0.508530294117647 0.780303125 0.782264705882353 0.9090906249999999 0.7809283088235294 0.8151510416666666 0.5110238970588236 0.719735709375 0.508530294117647
1 0.7454541666666666 0.45757720588235296 0.7492427083333334 0.47895588235294123 0.769696875 0.5083511029411765 0.8 0.49632536764705876 0.8628791666666668 0.34533823529411767 0.8666666666666667 0.32663235294117643 0.8575760416666667 0.29990808823529413 0.8386364583333333 0.2785294117647059 0.8181822916666667 0.2785294117647059 0.794696875 0.2945643382352941 0.7818177083333333 0.31727941176470587 0.76439375 0.36137316176470585 0.7433708333333333 0.42981250000000004 0.7454541666666666 0.45757720588235296
0 0.0022729166666666666 0.9250919117647058 0.018182291666666666 0.9478069852941176 0.9989583333333333 0.9451341911764706 0.9989583333333333 0.8208694852941176 0.8507572916666667 0.4106672794117647 0.8727270833333333 0.3799356617647059 0.8689395833333333 0.3251525735294118 0.8628791666666668 0.28506617647058824 0.8333333333333334 0.2529981617647059 0.81060625 0.2543345588235294 0.7901510416666666 0.2917481617647059 0.20757604166666666 0.2864025735294118 0 0.7954834558823529 0.0022729166666666666 0.9250919117647058
6 0.7833333333333333 0.27184926470588233 0.7098489583333334 0.05672610294117647 0.30606041666666667 0.05271691176470589 0.2149625 0.2777408088235294 0.7833333333333333 0.27184926470588233
4 0.3048666666666667 0.15483823529411764 0.31465729166666667 0.15246691176470586 0.32790416666666666 0.14908088235294117 0.33903958333333334 0.14366360294117647 0.3495979166666666 0.13215073529411764 0.360540625 0.1216544117647059 0.37206041666666667 0.10844852941176471 0.3831947916666667 0.09456617647058824 0.383003125 0.08474632352941176 0.37916354166666666 0.07628125 0.3743635416666667 0.07526470588235294 0.36649270833333336 0.07763602941176471 0.36169270833333333 0.0783125 0.356509375 0.08372977941176471 0.35804583333333334 0.08610110294117647 0.3572770833333333 0.09388786764705882 0.35363020833333336 0.0962591911764706 0.3398072916666666 0.10709375 0.3179208333333333 0.12097794117647058 0.3050583333333333 0.12944301470588235 0.3017947916666667 0.14095404411764706 0.30601875 0.15246691176470586 0.3048666666666667 0.15483823529411764
2 0.602925 0.2312904411764706 0.6377885416666668 0.21852757352941177 0.6404197916666666 0.18836397058823529 0.6116958333333333 0.13770220588235293 0.576175 0.15007720588235293 0.5742020833333333 0.18244117647058825 0.602925 0.2312904411764706
8 0.6792302083333334 0.24211948529411764 0.698525 0.24869301470588234 0.7165052083333333 0.24289154411764707 0.7193552083333333 0.22703676470588235 0.7149697916666666 0.20267279411764708 0.7037875 0.19184375 0.7037875 0.17637499999999998 0.6994020833333334 0.16013235294117645 0.683834375 0.1520110294117647 0.6619083333333333 0.15007720588235293 0.6535760416666666 0.16284007352941177 0.6459010416666667 0.17405514705882355 0.6461208333333333 0.19532536764705882 0.657084375 0.21079411764705883 0.6739677083333333 0.23516176470588235 0.6792302083333334 0.24211948529411764
2 0.6814229166666668 0.1365422794117647 0.6875614583333333 0.1056047794117647 0.654671875 0.06847794117647059 0.628140625 0.07659926470588235 0.625290625 0.10444301470588235 0.6520406249999999 0.13891176470588235 0.6814229166666668 0.1365422794117647