7 0.296875 0.36213235294117646 0.2947916666666667 0.40808823529411764 0.2989583333333333 0.41544117647058826 0.6447916666666667 0.8272058823529411 0.6697916666666667 0.8860294117647058 0.7083333333333334 0.9227941176470589 0.7322916666666667 0.9191176470588235 0.7447916666666666 0.9301470588235294 0.778125 0.9705882352941176 0.7885416666666667 0.9981617647058824 0.8625 0.9963235294117647 0.8416666666666667 0.9338235294117647 0.8291666666666667 0.90625 0.8208333333333333 0.9007352941176471 0.8197916666666667 0.8878676470588235 0.8072916666666666 0.8639705882352942 0.8041666666666667 0.8474264705882353 0.7760416666666666 0.7959558823529411 0.7520833333333333 0.7683823529411765 0.7458333333333333 0.7536764705882353 0.7260416666666667 0.7389705882352942 0.715625 0.7224264705882353 0.690625 0.7022058823529411 0.6583333333333333 0.6617647058823529 0.6416666666666667 0.6507352941176471 0.5791666666666667 0.5827205882352942 0.5083333333333333 0.5202205882352942 0.32083333333333336 0.3161764705882353 0.31354166666666666 0.3125 0.3 0.3235294117647059 0.29270833333333335 0.3492647058823529 0.296875 0.36213235294117646
8 0.6020833333333333 0.3713235294117647 0.6052083333333333 0.4485294117647059 0.6104166666666667 0.4650735294117647 0.6385416666666667 0.5018382352941176 0.671875 0.5018382352941176 0.6875 0.47610294117647056 0.6864583333333333 0.44669117647058826 0.6791666666666667 0.41360294117647056 0.684375 0.40441176470588236 0.6854166666666667 0.3713235294117647 0.6697916666666667 0.3400735294117647 0.6489583333333333 0.33455882352941174 0.6260416666666667 0.3400735294117647 0.6197916666666666 0.3584558823529412 0.6020833333333333 0.3713235294117647
8 0.721875 0.47610294117647056 0.74375 0.5 0.7541666666666667 0.5036764705882353 0.7791666666666667 0.49816176470588236 0.7885416666666667 0.4834558823529412 0.778125 0.37683823529411764 0.7614583333333333 0.34558823529411764 0.7229166666666667 0.33639705882352944 0.7 0.36764705882352944 0.696875 0.39705882352941174 0.721875 0.47610294117647056
8 0.30625 0.24632352941176472 0.328125 0.24632352941176472 0.3416666666666667 0.23529411764705882 0.3489583333333333 0.21875 0.3489583333333333 0.1948529411764706 0.36041666666666666 0.18198529411764705 0.3625 0.16176470588235295 0.3458333333333333 0.15441176470588236 0.32083333333333336 0.15625 0.29375 0.1801470588235294 0.2947916666666667 0.23529411764705882 0.30625 0.24632352941176472
8 0.4166666666666667 0.15257352941176472 0.43125 0.13786764705882354 0.4395833333333333 0.0974264705882353 0.4375 0.08639705882352941 0.40729166666666666 0.07720588235294118 0.396875 0.0900735294117647 0.384375 0.09191176470588236 0.38125 0.10661764705882353 0.384375 0.13970588235294118 0.4166666666666667 0.15257352941176472
10 0.784375 0.6268382352941176 0.7729166666666667 0.7628676470588235 0.778125 0.7775735294117647 0.7916666666666666 0.7794117647058824 0.8010416666666667 0.6433823529411765 0.7989583333333333 0.6268382352941176 0.8302083333333333 0.6231617647058824 0.8447916666666667 0.6084558823529411 0.8458333333333333 0.5698529411764706 0.8229166666666666 0.5220588235294118 0.790625 0.5018382352941176 0.7645833333333333 0.5073529411764706 0.7520833333333333 0.5386029411764706 0.7520833333333333 0.5606617647058824 0.784375 0.6268382352941176
4 0.18125 0.5073529411764706 0.21875 0.5018382352941176 0.21979166666666666 0.4944852941176471 0.2864583333333333 0.40808823529411764 0.3 0.37683823529411764 0.30104166666666665 0.34558823529411764 0.290625 0.34375 0.25416666666666665 0.375 0.22083333333333333 0.4117647058823529 0.17708333333333334 0.48161764705882354 0.175 0.49264705882352944 0.18125 0.5073529411764706
10 0.6447916666666667 0.22794117647058823 0.6520833333333333 0.24080882352941177 0.6677083333333333 0.24816176470588236 0.6947916666666667 0.2426470588235294 0.7052083333333333 0.23161764705882354 0.703125 0.21875 0.7083333333333334 0.2113970588235294 0.690625 0.15073529411764705 0.6822916666666666 0.16176470588235295 0.6791666666666667 0.17647058823529413 0.64375 0.19669117647058823 0.640625 0.21507352941176472 0.6447916666666667 0.22794117647058823
2 0.6212125000000001 0.22508272058823528 0.630303125 0.21706617647058823 0.6395833333333333 0.20220588235294118 0.6416666666666667 0.18382352941176472 0.61875 0.14338235294117646 0.5885416666666666 0.14154411764705882 0.5677083333333334 0.15625 0.5992427083333334 0.2197389705882353 0.6212125000000001 0.22508272058823528
10 0.6239583333333333 0.13419117647058823 0.6260416666666667 0.14154411764705882 0.6333333333333333 0.15257352941176472 0.659375 0.15625 0.6604166666666667 0.15441176470588236 0.665625 0.15441176470588236 0.6760416666666667 0.14154411764705882 0.6739583333333333 0.13051470588235295 0.6624708333333333 0.11479963235294117 0.6697916666666667 0.08455882352941177 0.665625 0.07904411764705882 0.6572916666666667 0.09191176470588236 0.6552083333333333 0.09191176470588236 0.65 0.10661764705882353 0.634375 0.11029411764705882 0.625 0.11948529411764706 0.6239583333333333 0.1213235294117647 0.6239583333333333 0.13419117647058823
4 0.5635416666666667 0.14705882352941177 0.565625 0.15073529411764705 0.571875 0.15441176470588236 0.5895833333333333 0.14154411764705882 0.59375 0.14154411764705882 0.6010416666666667 0.13419117647058823 0.6072916666666667 0.12316176470588236 0.6104166666666667 0.12316176470588236 0.6145833333333334 0.11213235294117647 0.6135416666666667 0.08272058823529412 0.6033541666666667 0.07603308823529412 0.586175 0.09875919117647058 0.5788489583333334 0.11479963235294117 0.5635416666666667 0.14705882352941177
10 0.5516875 0.07051470588235294 0.003791666666666771 0.004816176470588244
5 0.22545208333333333 0.7787389705882353 0.27739270833333335 0.4975882352941176 0.17910729166666667 0.49623345588235296 0.082165625 0.7661029411764706 0.22545208333333333 0.7787389705882353
5 0.341871875 0.789795955882353 0.38843958333333334 0.5244393382352941 0.28545312500000003 0.49623345588235296 0.22366041666666667 0.7834779411764705 0.341871875 0.789795955882353
5 0.620384375 0.6160514705882353 0.7771041666666666 0.789795955882353 0.7153114583333333 0.50390625 0.607846875 0.4982095588235294 0.620384375 0.6160514705882353
0 0.003167708333333333 0.9981617647058824 0.9989583333333333 0.9732481617647059 0.9884864583333334 0.7553180147058823 0.812121875 0.35485110294117644 0.7857197916666667 0.3529871323529412 0.7772708333333332 0.3026966911764706 0.21755104166666667 0.2859319852941176 0.21121458333333332 0.2893327205882353 0 0.7646323529411765 0.003167708333333333 0.9981617647058824
6 0.7614614583333333 0.2729466911764706 0.7421697916666666 0.21536580882352943 0.7533 0.2075128676470588 0.6924572916666667 0.053090073529411766 0.31181875 0.05439889705882353 0.22352291666666665 0.26378676470588236 0.7614614583333333 0.2729466911764706