5 0.37587604166666666 0.6569926470588235 0.39568854166666667 0.5909816176470589 0.35001041666666666 0.592922794117647 0.31313854166666666 0.6569926470588235 0.37587604166666666 0.6569926470588235
5 0.35221145833333334 0.7346544117647058 0.37697708333333335 0.6463143382352942 0.3136885416666667 0.652141544117647 0.27296458333333334 0.7336819852941177 0.35221145833333334 0.7346544117647058
5 0.35056041666666665 0.7346544117647058 0.42210416666666667 0.7317408088235294 0.4347614583333333 0.6521397058823529 0.3756010416666667 0.6509283088235295 0.35056041666666665 0.7346544117647058
5 0.6218739583333334 0.6472849264705882 0.6037135416666667 0.5948658088235295 0.5530822916666666 0.5914448529411764 0.5624385416666667 0.653110294117647 0.6218739583333334 0.6472849264705882
5 0.6191229166666666 0.6579632352941177 0.6868135416666666 0.6550514705882353 0.6515916666666667 0.5938952205882353 0.6094916666666667 0.5902297794117647 0.6191229166666666 0.6579632352941177
5 0.648840625 0.7385367647058824 0.6284781250000001 0.6492279411764706 0.5620260416666666 0.6485 0.5723447916666667 0.7181507352941177 0.648840625 0.7385367647058824
5 0.6471895833333333 0.7347058823529412 0.7236854166666667 0.7317941176470588 0.680209375 0.6531636029411765 0.6225625 0.6509283088235295 0.6471895833333333 0.7347058823529412
5 0.13428125 0.9948676470588235 0.25370312500000003 0.9981617647058824 0.30983645833333334 0.8317812499999999 0.222884375 0.8245257352941175 0.13428125 0.9948676470588235
5 0.25205208333333334 0.9981617647058824 0.3698229166666666 0.9981617647058824 0.39733854166666666 0.8308106617647059 0.30983645833333334 0.8308106617647059 0.25205208333333334 0.9981617647058824
8 0.60625 0.875 0.6385416666666667 0.9981617647058824 0.7166666666666667 0.9981617647058824 0.7166666666666667 0.9724264705882353 0.7041666666666667 0.9411764705882353 0.7020833333333333 0.8731617647058824 0.696875 0.8566176470588235 0.684375 0.8400735294117647 0.6666666666666666 0.8272058823529411 0.6416666666666667 0.8272058823529411 0.6354166666666666 0.8308823529411765 0.6260416666666667 0.8529411764705882 0.6177083333333333 0.8566176470588235 0.5802083333333333 0.8327205882352942 0.578125 0.8547794117647058 0.60625 0.875
8 0.715625 0.8952205882352942 0.7270833333333333 0.9227941176470589 0.7239583333333334 0.9338235294117647 0.734375 0.9393382352941176 0.7572916666666667 0.9944852941176471 0.840625 0.9981617647058824 0.8395833333333333 0.9705882352941176 0.803125 0.8713235294117647 0.7739583333333333 0.8308823529411765 0.7322916666666667 0.8272058823529411 0.7166666666666667 0.8602941176470589 0.7135416666666666 0.8713235294117647 0.715625 0.8952205882352942
8 0.39791666666666664 0.6452205882352942 0.4239583333333333 0.6488970588235294 0.4354166666666667 0.6397058823529411 0.446875 0.5992647058823529 0.43854166666666666 0.5919117647058824 0.415625 0.5919117647058824 0.4 0.5992647058823529 0.39375 0.6102941176470589 0.3927083333333333 0.6360294117647058 0.39791666666666664 0.6452205882352942
7 0.409375 0.9981617647058824 0.47604166666666664 0.9981617647058824 0.47604166666666664 0.9669117647058824 0.49583333333333335 0.9080882352941176 0.48020833333333335 0.8713235294117647 0.49895833333333334 0.8382352941176471 0.5010416666666667 0.8014705882352942 0.5072916666666667 0.7757352941176471 0.54375 0.6783088235294118 0.5447916666666667 0.65625 0.5520833333333334 0.6378676470588235 0.5479166666666667 0.625 0.5375 0.6231617647058824 0.47604166666666664 0.7610294117647058 0.4552083333333333 0.8198529411764706 0.4510416666666667 0.8685661764705882 0.409375 0.9981617647058824
5 0.7916541666666668 0.7606047794117647 0.6627447916666667 0.5675202205882353 0.33199687499999997 0.5738658088235294 0.20878333333333332 0.7782481617647059 0.7916541666666668 0.7606047794117647
0 0.9272312500000001 0.9981617647058824 0.8044333333333333 0.7655588235294117 0.207671875 0.7773290441176471 0.06264895833333334 0.9981617647058824 0.9272312500000001 0.9981617647058824