0 0.9989583333333333 0.8986029411764705 0.8318177083333332 0.32672242647058825 0.7984854166666667 0.3400845588235294 0.765909375 0.2599154411764706 0.190909375 0.2532334558823529 0.19208873854166666 0.25739420036764704 0.006060416666666666 0.7688125 0.015909375 0.9213180147058824 0.9989583333333333 0.8986029411764705
5 0.644696875 0.7729117647058823 0.7848489583333333 0.7702389705882353 0.719696875 0.48429963235294116 0.6174239583333333 0.48830147058823536 0.644696875 0.7729117647058823
5 0.780303125 0.7702389705882353 0.9181822916666668 0.77959375 0.8265156250000001 0.48830882352941174 0.723484375 0.4866305147058823 0.780303125 0.7702389705882353
5 0.6113635416666666 0.4949889705882353 0.7113635416666667 0.4816268382352941 0.6772729166666667 0.3159430147058823 0.5909093750000001 0.3079264705882353 0.6113635416666666 0.4949889705882353
5 0.7083333333333334 0.47761948529411763 0.8181822916666667 0.48029044117647063 0.7681822916666667 0.3146066176470588 0.6810604166666666 0.31727941176470587 0.7083333333333334 0.47761948529411763
8 0.25 0.6838235294117647 0.23958333333333334 0.7040441176470589 0.2520833333333333 0.7389705882352942 0.26666666666666666 0.7573529411764706 0.29375 0.7555147058823529 0.31145833333333334 0.7408088235294118 0.3302083333333333 0.7113970588235294 0.340625 0.6801470588235294 0.340625 0.6488970588235294 0.3302083333333333 0.6231617647058824 0.3333333333333333 0.6066176470588235 0.35520833333333335 0.59375 0.37395833333333334 0.5680147058823529 0.3802083333333333 0.5422794117647058 0.3770833333333333 0.5036764705882353 0.3541666666666667 0.4889705882352941 0.33645833333333336 0.4889705882352941 0.3145833333333333 0.5036764705882353 0.29375 0.5330882352941176 0.26458333333333334 0.5533088235294118 0.2552083333333333 0.5772058823529411 0.25104166666666666 0.6102941176470589 0.24375 0.6305147058823529 0.24270833333333333 0.6525735294117647 0.25 0.6838235294117647
4 0.07708333333333334 0.7536764705882353 0.08854166666666667 0.7665441176470589 0.13020833333333334 0.7555147058823529 0.1375 0.7352941176470589 0.20416666666666666 0.6231617647058824 0.25416666666666665 0.5441176470588235 0.26666666666666666 0.5330882352941176 0.271875 0.5128676470588235 0.2677083333333333 0.4852941176470588 0.18854166666666666 0.5588235294117647 0.121875 0.6507352941176471 0.09791666666666667 0.6948529411764706 0.075 0.7408088235294118 0.07708333333333334 0.7536764705882353
5 0.28257604166666667 0.48830882352941174 0.31666666666666665 0.31327022058823534 0.23484895833333336 0.3186158088235294 0.17272708333333334 0.4816268382352941 0.28257604166666667 0.48830882352941174
5 0.3810604166666666 0.48563602941176465 0.4030302083333333 0.31327022058823534 0.3257572916666666 0.3094926470588235 0.2848489583333333 0.47494669117647054 0.3810604166666666 0.48563602941176465
7 0.4427083333333333 0.3805147058823529 0.39375 0.5330882352941176 0.3958333333333333 0.5441176470588235 0.4083333333333333 0.5551470588235294 0.475 0.5827205882352942 0.48333333333333334 0.5588235294117647 0.48020833333333335 0.4411764705882353 0.49583333333333335 0.38786764705882354 0.49375 0.375 0.509375 0.25735294117647056 0.521875 0.21323529411764705 0.5447916666666667 0.16544117647058823 0.5552083333333333 0.11948529411764706 0.5614583333333333 0.10845588235294118 0.559375 0.09558823529411764 0.5479166666666667 0.09375 0.5395833333333333 0.10845588235294118 0.47291666666666665 0.25183823529411764 0.4552083333333333 0.30514705882352944 0.453125 0.3602941176470588 0.4427083333333333 0.3805147058823529
10 0.27291666666666664 0.2113970588235294 0.30833333333333335 0.21507352941176472 0.32395833333333335 0.1948529411764706 0.32916666666666666 0.15992647058823528 0.35104166666666664 0.13419117647058823 0.34479166666666666 0.13786764705882354 0.33958333333333335 0.13051470588235295 0.31666666666666665 0.15992647058823528 0.28854166666666664 0.15992647058823528 0.26979166666666665 0.1801470588235294 0.2677083333333333 0.19852941176470587 0.27291666666666664 0.2113970588235294
10 0.3017197916666667 0.11948529411764706 0.33713645833333333 0.11948529411764706 0.347553125 0.11029411764705882 0.34651145833333336 0.08823529411764706 0.35276145833333333 0.07720588235294118 0.37567812500000003 0.05330882352941176 0.369428125 0.042279411764705885 0.36005312500000003 0.042279411764705885 0.34442812500000003 0.05514705882352941 0.33708541666666664 0.07800735294117647 0.31213645833333337 0.07352941176470588 0.29755312500000003 0.09191176470588236 0.29755312500000003 0.11213235294117647 0.3017197916666667 0.11948529411764706
10 0.36875 0.11948529411764706 0.40520833333333334 0.11948529411764706 0.41458333333333336 0.10477941176470588 0.41875 0.07352941176470588 0.4322916666666667 0.06066176470588235 0.434375 0.04779411764705882 0.4239583333333333 0.04411764705882353 0.39479166666666665 0.07352941176470588 0.37395833333333334 0.07720588235294118 0.365625 0.09191176470588236 0.3645833333333333 0.10661764705882353 0.36875 0.11948529411764706
5 0.41744791666666664 0.2165404411764706 0.42581145833333334 0.12097794117647058 0.36435833333333334 0.12611029411764707 0.34144895833333333 0.2165404411764706 0.41744791666666664 0.2165404411764706
5 0.577859375 0.21889154411764705 0.653634375 0.21688235294117647 0.6331239583333333 0.12242463235294118 0.5711645833333333 0.12215992647058824 0.577859375 0.21889154411764705
5 0.6559135416666667 0.21889154411764705 0.7294104166666667 0.21889154411764705 0.70006875 0.1234154411764706 0.6342635416666667 0.12543933823529413 0.6559135416666667 0.21889154411764705
4 0.571875 0.11764705882352941 0.596875 0.10294117647058823 0.6135416666666667 0.07904411764705882 0.6177083333333333 0.04411764705882353 0.6072916666666667 0.03125 0.5864312500000001 0.07539338235294119 0.5727395833333334 0.09283272058823529 0.571875 0.11764705882352941
2 0.6552083333333333 0.10661764705882353 0.6854166666666667 0.10110294117647059 0.690625 0.07169117647058823 0.66875 0.03676470588235294 0.6375 0.03860294117647059 0.6302083333333334 0.04595588235294118 0.6291666666666667 0.06985294117647059 0.6552083333333333 0.10661764705882353
6 0.7608979166666666 0.24418198529411766 0.7482635416666666 0.20704411764705882 0.7645072916666666 0.1836985294117647 0.6947197916666668 0.011801470588235293 0.2928385416666667 0.012862132352941176 0.29659791666666663 0.00804779411764706 0.29404166666666665 0.005573529411764706 0.203196875 0.2409981617647059 0.7608979166666666 0.24418198529411766