4 0.6395833333333333 0.7720588235294118 0.65625 0.7794117647058824 0.6895833333333333 0.7628676470588235 0.7052083333333333 0.6470588235294118 0.721875 0.5772058823529411 0.7260416666666667 0.5753676470588235 0.7239583333333334 0.5349264705882353 0.7145833333333333 0.5091911764705882 0.6947916666666667 0.5165441176470589 0.665625 0.5533088235294118 0.6364583333333333 0.6654411764705882 0.6333333333333333 0.7003676470588235 0.6395833333333333 0.7720588235294118
5 0.6037874999999999 0.5083511029411765 0.7121208333333333 0.5003345588235294 0.6734854166666667 0.33732169117647054 0.5899625000000001 0.33957169117647057 0.6037874999999999 0.5083511029411765
5 0.7151520833333334 0.5110238970588236 0.7568187500000001 0.33732169117647054 0.6742427083333333 0.33455882352941174 0.7151520833333334 0.5110238970588236
5 0.7136364583333333 0.5110238970588236 0.7795458333333334 0.7755845588235294 0.9121208333333333 0.7849375 0.817234375 0.5116985294117646 0.7136364583333333 0.5110238970588236
7 0.44375 0.40441176470588236 0.396875 0.5588235294117647 0.4041666666666667 0.5698529411764706 0.4239583333333333 0.5808823529411765 0.4739583333333333 0.6011029411764706 0.478125 0.5974264705882353 0.48125 0.5257352941176471 0.4791666666666667 0.45588235294117646 0.49583333333333335 0.4099264705882353 0.50625 0.29044117647058826 0.5458333333333333 0.19117647058823528 0.5489583333333333 0.1636029411764706 0.559375 0.14154411764705882 0.559375 0.12683823529411764 0.5479166666666667 0.125 0.5333333333333333 0.15073529411764705 0.475 0.2775735294117647 0.45729166666666665 0.3290441176470588 0.4552083333333333 0.3805147058823529 0.44375 0.40441176470588236
8 0.25104166666666666 0.7555147058823529 0.2677083333333333 0.7757352941176471 0.290625 0.7757352941176471 0.31875 0.7536764705882353 0.3416666666666667 0.7150735294117647 0.34375 0.7003676470588235 0.34479166666666666 0.6672794117647058 0.33229166666666665 0.6397058823529411 0.37395833333333334 0.5919117647058824 0.38229166666666664 0.5588235294117647 0.378125 0.5294117647058824 0.35625 0.5073529411764706 0.31666666666666665 0.5202205882352942 0.29791666666666666 0.5514705882352942 0.259375 0.5900735294117647 0.2520833333333333 0.6213235294117647 0.2520833333333333 0.6488970588235294 0.24270833333333333 0.6838235294117647 0.24166666666666667 0.7242647058823529 0.25104166666666666 0.7555147058823529
2 0.1125 0.6856617647058824 0.14791666666666667 0.7150735294117647 0.15520833333333334 0.7150735294117647 0.24791666666666667 0.5588235294117647 0.24166666666666667 0.5477941176470589 0.19895833333333332 0.5220588235294118 0.15833333333333333 0.5735294117647058 0.10520833333333333 0.6636029411764706 0.103125 0.6709558823529411 0.1125 0.6856617647058824
4 0.184375 0.5036764705882353 0.20833333333333334 0.5018382352941176 0.21875 0.49264705882352944 0.278125 0.40625 0.28229166666666666 0.40808823529411764 0.2833333333333333 0.4007352941176471 0.31354166666666666 0.36580882352941174 0.3177083333333333 0.35294117647058826 0.31666666666666665 0.3382352941176471 0.31354166666666666 0.33088235294117646 0.30520833333333336 0.33455882352941174 0.2552083333333333 0.375 0.21979166666666666 0.41360294117647056 0.21666666666666667 0.4264705882352941 0.20416666666666666 0.4375 0.17708333333333334 0.4834558823529412 0.17604166666666668 0.49264705882352944 0.184375 0.5036764705882353
2 0.3729166666666667 0.22794117647058823 0.38333333333333336 0.2426470588235294 0.415625 0.24448529411764705 0.42291666666666666 0.21691176470588236 0.41875 0.21507352941176472 0.41770833333333335 0.18198529411764705 0.403125 0.14705882352941177 0.4 0.14154411764705882 0.36875 0.14522058823529413 0.365625 0.17095588235294118 0.3729166666666667 0.22794117647058823
2 0.5989583333333334 0.2261029411764706 0.609375 0.22977941176470587 0.6364583333333333 0.21691176470588236 0.6395833333333333 0.18382352941176472 0.6270833333333333 0.15808823529411764 0.6125 0.14154411764705882 0.590625 0.13970588235294118 0.5802083333333333 0.14522058823529413 0.575 0.15808823529411764 0.5770833333333333 0.18566176470588236 0.5989583333333334 0.2261029411764706
4 0.565625 0.1488970588235294 0.5697916666666667 0.15441176470588236 0.5739583333333333 0.15441176470588236 0.590625 0.13970588235294118 0.5947916666666667 0.13970588235294118 0.5989583333333334 0.1323529411764706 0.6020833333333333 0.13051470588235295 0.6145833333333334 0.10477941176470588 0.6135416666666667 0.08272058823529412 0.609375 0.07720588235294118 0.6020833333333333 0.07720588235294118 0.59375 0.08088235294117647 0.584375 0.10661764705882353 0.5770833333333333 0.11948529411764706 0.565625 0.1323529411764706 0.5645833333333333 0.14154411764705882 0.565625 0.1488970588235294
5 0.38023124999999997 0.5038988970588235 0.4036427083333333 0.33736029411764706 0.3248260416666667 0.33601470588235294 0.284246875 0.5149099264705882 0.38023124999999997 0.5038988970588235
5 0.65266875 0.24588786764705883 0.7247479166666667 0.24221323529411767 0.6943333333333332 0.1555 0.6322541666666667 0.15734375 0.65266875 0.24588786764705883
5 0.6964166666666666 0.15256066176470587 0.6689177083333333 0.09303860294117647 0.6187125000000001 0.08749448529411764 0.6339197916666667 0.15403125 0.6964166666666666 0.15256066176470587
5 0.3479645833333333 0.24331066176470587 0.36544895833333335 0.15728860294117647 0.304253125 0.1544779411764706 0.26928437499999996 0.24655698529411765 0.3479645833333333 0.24331066176470587
5 0.36590937500000004 0.15728860294117647 0.379253125 0.08993014705882352 0.33186041666666666 0.08181617647058824 0.32956041666666663 0.08262683823529411 0.30609375 0.14673713235294117 0.36590937500000004 0.15728860294117647
5 0.40547916666666667 0.1361875 0.41284166666666666 0.15647610294117648 0.42894583333333336 0.15891176470588234 0.43584791666666667 0.08993014705882352 0.385925 0.08444485294117647 0.3705104166666667 0.14024632352941177 0.40547916666666667 0.1361875
0 0.023294791666666665 0.9344227941176471 0.7233375 0.9196746323529412 0.9881947916666667 0.9317113970588236 0.9923614583333333 0.7712077205882353 0.8152802083333334 0.3534080882352941 0.7875031250000001 0.34728125 0.7666697916666667 0.2835698529411765 0.21443333333333334 0.2810404411764706 0.000596875 0.7711305147058823 0.023294791666666665 0.9344227941176471
6 0.75278125 0.26519117647058826 0.6895864583333334 0.05445404411764706 0.304409375 0.053564338235294114 0.21945208333333335 0.2676433823529412 0.75278125 0.26519117647058826