5 0.37630416666666666 0.6521672794117647 0.397959375 0.5939595588235294 0.34846145833333336 0.5923363970588236 0.3168375 0.651560661764706 0.37630416666666666 0.6521672794117647
5 0.3783666666666667 0.651560661764706 0.4350822916666666 0.6497426470588235 0.44470729166666667 0.5969908088235294 0.39916250000000003 0.5930955882352942 0.3783666666666667 0.651560661764706
5 0.34704583333333333 0.734952205882353 0.37643229166666664 0.6516599264705882 0.31583854166666664 0.6511047794117647 0.274459375 0.734952205882353 0.34704583333333333 0.734952205882353
5 0.3779739833333334 0.6522304025735294 0.34704583333333333 0.7340661764705882 0.420134375 0.7327371323529411 0.4354552083333333 0.6538750000000001 0.3779739833333334 0.6522304025735294
5 0.6205635416666666 0.6490257352941177 0.604990625 0.5963051470588235 0.5497354166666667 0.5990257352941176 0.55978125 0.650797794117647 0.6205635416666666 0.6490257352941177
5 0.6494468750000001 0.7349761029411764 0.622321875 0.6534558823529412 0.561665625 0.6505514705882353 0.5763583333333333 0.7358621323529412 0.6494468750000001 0.7349761029411764
5 0.648703125 0.7347555147058823 0.724575 0.7352169117647059 0.6808895833333334 0.6507628676470588 0.6220229166666668 0.6511102941176471 0.648703125 0.7347555147058823
5 0.13471979166666664 0.9964613970588236 0.25342604166666666 0.9972150735294117 0.31192604166666665 0.8307555147058823 0.22364270833333333 0.8309613970588235 0.13471979166666664 0.9964613970588236
5 0.40373125 0.8300018382352942 0.31278020833333336 0.8330147058823529 0.25257291666666665 0.99796875 0.37127916666666666 0.9981617647058824 0.40084895833333334 0.8337867647058823 0.40373125 0.8300018382352942
5 0.6227843750000001 0.9972150735294117 0.7389291666666666 0.99796875 0.6838458333333333 0.8330147058823529 0.5962031250000001 0.8309613970588235 0.6227843750000001 0.9972150735294117
2 0.6375 0.6378676470588235 0.6677083333333333 0.6323529411764706 0.675 0.6397058823529411 0.6708333333333333 0.6102941176470589 0.6791666666666667 0.6029411764705882 0.6729166666666667 0.5863970588235294 0.6666666666666666 0.5955882352941176 0.653125 0.59375 0.640625 0.5827205882352942 0.6125 0.5882352941176471 0.6114583333333333 0.6047794117647058 0.6375 0.6378676470588235
1 0.7697916666666667 0.9981617647058824 0.8645833333333334 0.9981617647058824 0.884375 0.8713235294117647 0.8854166666666666 0.8235294117647058 0.86875 0.78125 0.828125 0.7628676470588235 0.8083333333333333 0.7665441176470589 0.7885416666666667 0.7941176470588235 0.790625 0.8180147058823529 0.784375 0.8400735294117647 0.784375 0.8786764705882353 0.7729166666666667 0.9080882352941176 0.759375 0.9227941176470589 0.759375 0.9797794117647058 0.7697916666666667 0.9981617647058824
6 0.7914510416666667 0.7720055147058824 0.6671927083333333 0.5791838235294118 0.33039375 0.5766433823529412 0.20688333333333334 0.7780312500000001 0.7914510416666667 0.7720055147058824
0 0.9286927083333333 0.9981617647058824 0.7954656250000001 0.7675845588235294 0.20926666666666666 0.7773400735294117 0.0664875 0.9981617647058824 0.9286927083333333 0.9981617647058824