7 0.48125 0.7886029411764706 0.49895833333333334 0.7904411764705882 0.50625 0.7794117647058824 0.54375 0.6801470588235294 0.5489583333333333 0.6470588235294118 0.5572916666666666 0.6305147058823529 0.5541666666666667 0.6102941176470589 0.55 0.6084558823529411 0.5364583333333334 0.625 0.47708333333333336 0.7610294117647058 0.47291666666666665 0.7794117647058824 0.48125 0.7886029411764706
7 0.475 0.9981617647058824 0.4822916666666667 0.9430147058823529 0.490625 0.9264705882352942 0.4354166666666667 0.9246323529411765 0.425 0.9503676470588235 0.425 0.9632352941176471 0.4197916666666667 0.9650735294117647 0.41458333333333336 0.9816176470588235 0.4114583333333333 0.9981617647058824 0.475 0.9981617647058824
4 0.5604166666666667 0.625 0.5635416666666667 0.6488970588235294 0.5927083333333333 0.6286764705882353 0.6020833333333333 0.6066176470588235 0.6 0.5882352941176471 0.5833333333333334 0.5882352941176471 0.575 0.6102941176470589 0.5604166666666667 0.625
2 0.6375 0.6378676470588235 0.6572916666666667 0.6360294117647058 0.6666666666666666 0.6268382352941176 0.6677083333333333 0.6066176470588235 0.646875 0.5863970588235294 0.6385416666666667 0.5808823529411765 0.6125 0.5863970588235294 0.6114583333333333 0.6066176470588235 0.6375 0.6378676470588235
10 0.31979166666666664 0.7334558823529411 0.334375 0.7132352941176471 0.3416666666666667 0.6819852941176471 0.3697916666666667 0.6525735294117647 0.36354166666666665 0.6470588235294118 0.33541666666666664 0.6727941176470589 0.30520833333333336 0.6783088235294118 0.28125 0.7022058823529411 0.27395833333333336 0.7334558823529411 0.31979166666666664 0.7334558823529411
10 0.3854166666666667 0.6488970588235294 0.4114583333333333 0.6488970588235294 0.42291666666666666 0.6397058823529411 0.42916666666666664 0.6084558823529411 0.440625 0.6029411764705882 0.4427083333333333 0.5900735294117647 0.4322916666666667 0.5919117647058824 0.41354166666666664 0.6121323529411765 0.390625 0.6139705882352942 0.38229166666666664 0.625 0.3802083333333333 0.6397058823529411 0.3854166666666667 0.6488970588235294
10 0.32395833333333335 0.6488970588235294 0.3572916666666667 0.6488970588235294 0.3645833333333333 0.6415441176470589 0.36875 0.6158088235294118 0.37604166666666666 0.6084558823529411 0.39191145833333335 0.5874632352941176 0.353065625 0.6041121323529411 0.321875 0.6268382352941176 0.31979166666666664 0.6397058823529411 0.32395833333333335 0.6488970588235294
5 0.4188645833333334 0.7349503676470588 0.4327489583333334 0.6509871323529411 0.376878125 0.6528290441176471 0.348446875 0.7302867647058824 0.4188645833333334 0.7349503676470588
5 0.5782114583333333 0.7337849264705882 0.6466447916666667 0.7291194852941176 0.6195354166666667 0.6486544117647058 0.5669708333333333 0.6520992647058824 0.5782114583333333 0.7337849264705882
5 0.6493708333333333 0.7326323529411765 0.7186968749999999 0.7303878676470589 0.681171875 0.6540661764705883 0.6258385416666666 0.6551893382352941 0.6493708333333333 0.7326323529411765
0 0.9425739583333334 0.9963915441176471 0.7689416666666666 0.7786507352941177 0.19843645833333332 0.7842628676470589 0.039433333333333334 0.9981617647058824 0.9425739583333334 0.9963915441176471
6 0.7676697916666666 0.7640606617647059 0.662728125 0.5777444852941177 0.32881979166666664 0.5799889705882353 0.21624479166666666 0.7674264705882353 0.7676697916666666 0.7640606617647059