1 0.28939375 0.7755845588235294 0.3598489583333333 0.6727003676470589 0.2962125 0.5070147058823529 0.25303020833333334 0.5163676470588235 0.21969687499999999 0.5551176470588235 0.21969687499999999 0.6339503676470589 0.28787916666666663 0.7640367647058824 0.28939375 0.7755845588235294
7 0.39318229166666663 0.5604613970588236 0.4780302083333333 0.5992095588235294 0.48181770833333337 0.43753308823529413 0.4977270833333333 0.4054650735294118 0.484090625 0.3840863970588235 0.48939374999999996 0.3560275735294118 0.49924270833333334 0.32395955882352945 0.5219697916666667 0.2611599264705882 0.5462125 0.17430882352941177 0.5371208333333333 0.15693933823529413 0.523484375 0.17965257352941175 0.4977270833333333 0.23978125 0.4583333333333333 0.32128676470588236 0.45606041666666663 0.37206249999999996 0.44772708333333333 0.3907683823529412 0.3986739583333333 0.5534761029411764 0.39318229166666663 0.5604613970588236
1 0.76439375 0.48429963235294116 0.7969697916666667 0.5083511029411765 0.8666666666666667 0.32663235294117643 0.8545458333333333 0.28521139705882353 0.8015156250000001 0.2731856617647059 0.7825760416666667 0.30391727941176466 0.7443177083333333 0.43315441176470587 0.76439375 0.48429963235294116
5 0.6454541666666667 0.7836011029411765 0.7757572916666666 0.787610294117647 0.7151520833333334 0.5043419117647059 0.6079541666666667 0.5033419117647059 0.6454541666666667 0.7836011029411765
5 0.7113635416666667 0.49231617647058823 0.6719697916666667 0.3306397058823529 0.5863635416666667 0.33732169117647054 0.6075760416666667 0.5043419117647059 0.7113635416666667 0.49231617647058823
5 0.9212125 0.7769209558823529 0.8174239583333333 0.49766176470588236 0.71875 0.5050128676470588 0.7795458333333334 0.7849375 0.9212125 0.7769209558823529
5 0.20984895833333334 0.7849375 0.23484895833333336 0.6940790441176471 0.21136354166666665 0.6352867647058824 0.20984895833333334 0.5350735294117647 0.255303125 0.5043419117647059 0.17045416666666666 0.5003345588235294 0.15984895833333335 0.5444283088235293 0.11363645833333333 0.6673547794117647 0.08143958333333333 0.7840900735294118 0.20984895833333334 0.7849375
5 0.28257604166666667 0.5016691176470589 0.323484375 0.33999448529411763 0.234090625 0.33999448529411763 0.18333333333333332 0.49365257352941183 0.28257604166666667 0.5016691176470589
5 0.40681770833333336 0.3386580882352941 0.32272708333333333 0.34132904411764703 0.284090625 0.5043419117647059 0.38560625000000004 0.5070147058823529 0.40681770833333336 0.3386580882352941
2 0.603465625 0.2290919117647059 0.6383145833333334 0.21572977941176472 0.644375 0.1809889705882353 0.6080114583333334 0.13155147058823527 0.5777083333333334 0.14625 0.5720260416666666 0.1724595588235294 0.603465625 0.2290919117647059
8 0.7148291666666666 0.2437904411764706 0.7239208333333333 0.21572977941176472 0.703465625 0.1916783088235294 0.7042239583333333 0.17029963235294118 0.68376875 0.14892095588235296 0.660284375 0.15159375 0.6474052083333334 0.17564522058823528 0.6527083333333333 0.2023676470588235 0.6752458333333333 0.2309485294117647 0.7148291666666666 0.2437904411764706
2 0.6867989583333334 0.1262058823529412 0.6875572916666666 0.09948345588235294 0.6572541666666667 0.06741544117647058 0.6314958333333334 0.0781047794117647 0.6239208333333334 0.10482720588235295 0.655359375 0.14238051470588234 0.6867989583333334 0.1262058823529412
4 0.30270833333333336 0.14892095588235296 0.3254354166666667 0.14357720588235293 0.3474052083333333 0.13021507352941178 0.37013229166666667 0.11418198529411765 0.3807385416666667 0.07944117647058824 0.3761927083333333 0.07543198529411764 0.35952604166666663 0.07142463235294116 0.3557385416666667 0.08612132352941176 0.3580114583333333 0.09413786764705882 0.34134479166666665 0.10883639705882353 0.32316249999999996 0.11551654411764706 0.3042239583333333 0.1275422794117647 0.30498125 0.14238051470588234 0.30270833333333336 0.14892095588235296
6 0.7875572916666667 0.2945643382352941 0.6951322916666667 0.051380514705882355 0.294375 0.04202757352941176 0.30119270833333334 0.04545404411764706 0.2095260416666667 0.2878823529411765 0.7875572916666667 0.2945643382352941
0 0.8519322916666667 0.45633088235294117 0.8564770833333333 0.4002132352941177 0.8723864583333333 0.3200422794117647 0.8208708333333333 0.2665955882352941 0.7875374999999999 0.28797426470588233 0.21178020833333333 0.2799577205882353 0.005204291666666667 0.789243880514706 0.010265625 0.7970551470588235 0.004879566666666666 0.7900444466911765 0.004204166666666666 0.7917095588235294 0.004204166666666666 0.7891653198529411 0 0.7836930147058824 0.017840625 0.927998161764706 0.9989583333333333 0.9493768382352942 0.9989583333333333 0.8264503676470588 0.8519322916666667 0.45633088235294117