5 0.5810604166666666 0.5444283088235293 0.6916666666666667 0.47628308823529414 0.6128791666666668 0.24512500000000004 0.519696875 0.3025808823529412 0.5810604166666666 0.5444283088235293
5 0.6954541666666666 0.47494669117647054 0.7931822916666668 0.41348345588235297 0.7007572916666667 0.2025404411764706 0.6181822916666667 0.25180698529411766 0.6954541666666666 0.47494669117647054
5 0.31439374999999997 0.6994227941176471 0.2954541666666667 0.4161544117647059 0.17992395833333333 0.47827573529411765 0.176515625 0.7782573529411765 0.31439374999999997 0.6994227941176471
5 0.180303125 0.77959375 0.175 0.4802003676470588 0.05075729166666666 0.5389908088235295 0.020454166666666666 0.8771341911764706 0.180303125 0.77959375
5 0.2916666666666667 0.4092003676470588 0.276515625 0.21946507352941175 0.17708333333333334 0.2610294117647059 0.17727291666666664 0.4626470588235294 0.2916666666666667 0.4092003676470588
7 0.325 0.46875 0.3802083333333333 0.46691176470588236 0.40625 0.4577205882352941 0.39791666666666664 0.3860294117647059 0.3802083333333333 0.3088235294117647 0.3885416666666667 0.2665441176470588 0.3875 0.24816176470588236 0.378125 0.23897058823529413 0.37916666666666665 0.0900735294117647 0.38125 0.058823529411764705 0.3885416666666667 0.03125 0.384375 0.003676470588235294 0.36354166666666665 0.007352941176470588 0.34479166666666666 0.08455882352941177 0.33125 0.1801470588235294 0.3385416666666667 0.23529411764705882 0.31666666666666665 0.4319852941176471 0.315625 0.46139705882352944 0.325 0.46875
8 0.4875 0.17279411764705882 0.5208333333333334 0.26286764705882354 0.5489583333333333 0.27941176470588236 0.5677083333333334 0.27205882352941174 0.58125 0.25183823529411764 0.58125 0.21507352941176472 0.575 0.18566176470588236 0.571875 0.12683823529411764 0.5520833333333334 0.10110294117647059 0.5291666666666667 0.10110294117647059 0.5145833333333333 0.11029411764705882 0.5010416666666667 0.14522058823529413 0.49375 0.15073529411764705 0.49924270833333334 0.15684742647058825 0.4939395833333334 0.17555330882352943 0.4875 0.17279411764705882
8 0.615625 0.21323529411764705 0.6416666666666667 0.22977941176470587 0.6552083333333333 0.22794117647058823 0.6697916666666667 0.21323529411764705 0.6729166666666667 0.20036764705882354 0.6708333333333333 0.16544117647058823 0.6614583333333334 0.1488970588235294 0.665625 0.13786764705882354 0.653125 0.09191176470588236 0.6385416666666667 0.06801470588235294 0.60625 0.06801470588235294 0.5979166666666667 0.07536764705882353 0.5854166666666667 0.11397058823529412 0.5864583333333333 0.14522058823529413 0.615625 0.21323529411764705
4 0.04393958333333334 0.5135128676470588 0.06742395833333334 0.526875 0.08636354166666667 0.5215294117647059 0.09895833333333333 0.47794117647058826 0.10208333333333333 0.46139705882352944 0.11041666666666666 0.4540441176470588 0.159375 0.3327205882352941 0.17083333333333334 0.2977941176470588 0.16666666666666666 0.29411764705882354 0.165625 0.2775735294117647 0.15729166666666666 0.27389705882352944 0.14583333333333334 0.2849264705882353 0.10833333333333334 0.3400735294117647 0.06770833333333333 0.43566176470588236 0.06458333333333334 0.45036764705882354 0.04393958333333334 0.5135128676470588
0 0 0.9981617647058824 0.9181822916666668 0.4761011029411765 0.6386364583333334 0 0.02462083333333333 0.25768749999999996 0 0.9981617647058824
8 0.11041666666666666 0.15257352941176472 0.125 0.16176470588235295 0.14375 0.15808823529411764 0.1625 0.14522058823529413 0.16979166666666667 0.13051470588235295 0.175 0.09926470588235294 0.16770833333333332 0.08823529411764706 0.16875 0.07169117647058823 0.17708333333333334 0.05514705882352941 0.178125 0.042279411764705885 0.17395833333333333 0.03125 0.15729166666666666 0.025735294117647058 0.12604166666666666 0.034926470588235295 0.11145833333333334 0.06801470588235294 0.09479166666666666 0.08272058823529412 0.09375 0.09926470588235294 0.11041666666666666 0.15257352941176472