5 0.7416666666666667 0.9981617647058824 0.6810604166666666 0.8317040441176471 0.5962125 0.8303676470588236 0.626515625 0.9981617647058824 0.7416666666666667 0.9981617647058824
5 0.8689395833333333 0.9981617647058824 0.7704541666666667 0.8279779411764706 0.6810604166666666 0.8317040441176471 0.7492427083333334 0.9981617647058824 0.8689395833333333 0.9981617647058824
5 0.3704541666666667 0.9981617647058824 0.4022729166666667 0.8359963235294118 0.31439374999999997 0.8317849264705882 0.251515625 0.9981617647058824 0.3704541666666667 0.9981617647058824
4 0.16666666666666666 0.9981617647058824 0.18484895833333334 0.9856470588235294 0.24166666666666667 0.9335367647058823 0.29791666666666666 0.8621323529411765 0.30520833333333336 0.8400735294117647 0.30520833333333336 0.8253676470588235 0.2989583333333333 0.8216911764705882 0.22395833333333334 0.8805147058823529 0.171875 0.9356617647058824 0.13020833333333334 0.9926470588235294 0.12708333333333333 0.9981617647058824 0.16666666666666666 0.9981617647058824
0 0.9333333333333333 0.9981617647058824 0.8257572916666667 0.8373327205882353 0.8045458333333334 0.8440128676470587 0.7742427083333333 0.7785404411764706 0.20359895833333336 0.7732959558823529 0.043182291666666664 0.9981617647058824 0.9333333333333333 0.9981617647058824
6 0.7719697916666667 0.7691875 0.73560625 0.7130680147058823 0.7469697916666667 0.6930257352941176 0.6712125 0.5647536764705883 0.3295458333333333 0.5610625 0.21439375000000002 0.7531525735294117 0.7719697916666667 0.7691875
6 0.7568187500000001 0.7598345588235295 0.7416666666666667 0.6823363970588234 0.6590906249999999 0.5727702205882352 0.33030312500000003 0.5807867647058823 0.230303125 0.7437996323529412 0.7568187500000001 0.7598345588235295
2 0.4202822916666667 0.7078547794117647 0.41714375000000004 0.6762738970588235 0.41012916666666666 0.6352500000000001 0.37597916666666664 0.6417610294117647 0.3743177083333334 0.6717150735294117 0.37985520833333336 0.7163198529411765 0.4202822916666667 0.7078547794117647
2 0.5697916666666667 0.6691176470588235 0.5979166666666667 0.7150735294117647 0.60625 0.7169117647058824 0.6302083333333334 0.7077205882352942 0.6322916666666667 0.7040441176470589 0.6333333333333333 0.6819852941176471 0.63125 0.6746323529411765 0.60625 0.6415441176470589 0.6041666666666666 0.6397058823529411 0.5927083333333333 0.6397058823529411 0.5802083333333333 0.6433823529411765 0.571875 0.6415441176470589 0.5697916666666667 0.6470588235294118 0.5697916666666667 0.6691176470588235
5 0.346559375 0.7366893382352941 0.37375 0.6503694852941176 0.3155177083333333 0.6469632352941176 0.273146875 0.7326930147058823 0.346559375 0.7366893382352941
5 0.37465625 0.6447738970588235 0.39414270833333337 0.5904227941176471 0.34610625 0.5888253676470588 0.345540625 0.5889852941176471 0.3184635416666667 0.6431746323529411 0.37465625 0.6447738970588235
5 0.41544166666666665 0.6327849264705883 0.4168010416666667 0.6487702205882353 0.4358333333333333 0.6487702205882353 0.44399062499999997 0.5920220588235294 0.3982208333333333 0.5920220588235294 0.38009375 0.6351819852941176 0.41544166666666665 0.6327849264705883
5 0.6755593750000001 0.6463731617647059 0.6492760416666666 0.5904227941176471 0.606225 0.5928216911764705 0.6225385416666666 0.6511672794117648 0.6755593750000001 0.6463731617647059
5 0.6479166666666667 0.7278970588235294 0.7195166666666667 0.7286966911764706 0.6791843750000001 0.6489632352941177 0.6248041666666667 0.6543658088235295 0.6479166666666667 0.7278970588235294
4 0.5731093749999999 0.6137555147058823 0.565728125 0.6224356617647059 0.55625 0.6305147058823529 0.5635416666666667 0.6452205882352942 0.5677083333333334 0.6452205882352942 0.5916666666666667 0.6341911764705882 0.5979166666666667 0.625 0.6010416666666667 0.6139705882352942 0.6052083333333333 0.6084558823529411 0.603125 0.5919117647058824 0.6010416666666667 0.5882352941176471 0.5947916666666667 0.5845588235294118 0.584375 0.5845588235294118 0.5833999999999999 0.5995514705882353 0.5731093749999999 0.6137555147058823