5 0.132003125 0.9981617647058824 0.251175 0.9981617647058824 0.3133708333333333 0.8315018382352941 0.22127291666666665 0.8300863970588236 0.132003125 0.9981617647058824
5 0.25073958333333335 0.9979834558823529 0.3694770833333333 0.9981617647058824 0.4016625 0.8284338235294118 0.310978125 0.8320036764705883 0.25073958333333335 0.9979834558823529
5 0.6221739583333333 0.9956819852941176 0.7400416666666667 0.9981617647058824 0.6865447916666666 0.8307352941176471 0.5964041666666666 0.8348823529411764 0.6221739583333333 0.9956819852941176
5 0.3768708333333333 0.6533455882352941 0.3981822916666667 0.5927371323529412 0.34686041666666667 0.5921507352941177 0.31684999999999997 0.6510441176470588 0.3768708333333333 0.6533455882352941
5 0.377740625 0.6518106617647058 0.4325427083333333 0.652579044117647 0.44515520833333333 0.5981066176470589 0.397421875 0.5959889705882353 0.377740625 0.6518106617647058
5 0.34903541666666665 0.7362040441176471 0.37817604166666663 0.6502775735294117 0.3158708333333333 0.647795955882353 0.2716166666666667 0.7362040441176471 0.34903541666666665 0.7362040441176471
5 0.34773020833333335 0.7346691176470589 0.4207989583333333 0.736970588235294 0.4368916666666667 0.6556470588235295 0.37643645833333333 0.6541121323529412 0.34773020833333335 0.7346691176470589
5 0.6217395833333333 0.6487426470588236 0.60608125 0.5958051470588235 0.5501927083333332 0.6036636029411764 0.5604135416666666 0.6556470588235295 0.6217395833333333 0.6487426470588236
5 0.6508802083333334 0.7354356617647059 0.62304375 0.6502775735294117 0.561065625 0.6564319852941176 0.5760708333333333 0.7354356617647059 0.6508802083333334 0.7354356617647059
5 0.650009375 0.7354356617647059 0.7243833333333334 0.7315992647058823 0.6852395833333333 0.6556470588235295 0.62413125 0.6535533088235295 0.650009375 0.7354356617647059
2 0.6375 0.6397058823529411 0.6697916666666667 0.6341911764705882 0.671875 0.6066176470588235 0.6666666666666666 0.5955882352941176 0.6385416666666667 0.5790441176470589 0.6135416666666667 0.5808823529411765 0.6114583333333333 0.5863970588235294 0.6104166666666667 0.6066176470588235 0.6375 0.6397058823529411
1 0.7791666666666667 0.9191176470588235 0.7791666666666667 0.9485294117647058 0.790625 0.9981617647058824 0.865625 0.9981617647058824 0.8864583333333333 0.8511029411764706 0.8833333333333333 0.8161764705882353 0.8697916666666666 0.7867647058823529 0.8729166666666667 0.7518382352941176 0.8604166666666667 0.7389705882352942 0.84375 0.7389705882352942 0.8322916666666667 0.7610294117647058 0.8135416666666667 0.7555147058823529 0.8020833333333334 0.7683823529411765 0.7916666666666666 0.8033088235294118 0.7875 0.8676470588235294 0.7791666666666667 0.9191176470588235
7 0.4083333333333333 0.9981617647058824 0.47708333333333336 0.9981617647058824 0.478125 0.9595588235294118 0.49583333333333335 0.9136029411764706 0.49375 0.8988970588235294 0.4875 0.8915441176470589 0.484375 0.8566176470588235 0.4979166666666667 0.8363970588235294 0.5041666666666667 0.7830882352941176 0.5427083333333333 0.6838235294117647 0.5458333333333333 0.6636029411764706 0.5416666666666666 0.6544117647058824 0.5302083333333333 0.6525735294117647 0.5208333333333334 0.6654411764705882 0.45625 0.8125 0.45 0.8768382352941176 0.4083333333333333 0.9981617647058824
0 0.022015625 0.9981617647058824 0.954015625 0.9981617647058824 0.7794000000000001 0.7755827205882353 0.20647083333333333 0.7772463235294118 0.022015625 0.9981617647058824
6 0.7941 0.7704963235294118 0.667621875 0.5740349264705882 0.32924479166666665 0.5757003676470588 0.20937395833333333 0.7779889705882352 0.7941 0.7704963235294118