7 0.4322916666666667 0.5680147058823529 0.4354166666666667 0.5808823529411765 0.47604166666666664 0.5808823529411765 0.48333333333333334 0.5661764705882353 0.478125 0.5294117647058824 0.484375 0.45036764705882354 0.48020833333333335 0.41911764705882354 0.49583333333333335 0.38419117647058826 0.490625 0.3639705882352941 0.490625 0.3400735294117647 0.4979166666666667 0.32536764705882354 0.5010416666666667 0.28860294117647056 0.5229166666666667 0.22426470588235295 0.540625 0.19117647058823528 0.5510416666666667 0.13602941176470587 0.5572916666666666 0.12683823529411764 0.5583333333333333 0.11580882352941177 0.5489583333333333 0.09558823529411764 0.496875 0.21323529411764705 0.4739583333333333 0.2536764705882353 0.45729166666666665 0.3069852941176471 0.446875 0.37316176470588236 0.396875 0.5257352941176471 0.3958333333333333 0.5404411764705882 0.4322916666666667 0.5680147058823529
5 0.640909375 0.77959375 0.773484375 0.77959375 0.7121208333333333 0.5056783088235294 0.6079541666666667 0.5100275735294117 0.640909375 0.77959375
5 0.61060625 0.5056783088235294 0.7075760416666667 0.49899816176470585 0.6704541666666667 0.3359852941176471 0.5861739583333333 0.34291360294117645 0.61060625 0.5056783088235294
5 0.7151520833333334 0.5056783088235294 0.8136364583333333 0.5056783088235294 0.7585229166666667 0.3379007352941177 0.6780302083333333 0.3386580882352941 0.7151520833333334 0.5056783088235294
5 0.9128791666666667 0.782264705882353 0.8181822916666667 0.5083511029411765 0.71875 0.5050128676470588 0.7818177083333333 0.7862738970588236 0.9128791666666667 0.782264705882353
5 0.3825760416666667 0.5070147058823529 0.40757604166666667 0.3386580882352941 0.326515625 0.3359852941176471 0.28863645833333335 0.49899816176470585 0.3825760416666667 0.5070147058823529
5 0.3462125 0.7862738970588236 0.38333333333333336 0.5016691176470589 0.2888260416666667 0.5033419117647059 0.22045416666666667 0.7729117647058823 0.3462125 0.7862738970588236
5 0.28257604166666667 0.5070147058823529 0.3204541666666667 0.33197610294117647 0.24242395833333333 0.33121691176470586 0.1787875 0.49365257352941183 0.28257604166666667 0.5070147058823529
5 0.215909375 0.7862738970588236 0.2787875 0.5056783088235294 0.273484375 0.5161856617647059 0.176515625 0.5121764705882353 0.08257604166666667 0.7755845588235294 0.215909375 0.7862738970588236
5 0.5657208333333333 0.15893382352941177 0.5747395833333333 0.24516911764705884 0.6492677083333334 0.24684374999999997 0.6301604166666667 0.16146691176470587 0.5657208333333333 0.15893382352941177
5 0.6502166666666667 0.24349632352941175 0.6540145833333334 0.2426580882352941 0.720946875 0.2443327205882353 0.6924645833333333 0.16144485294117647 0.633128125 0.16144485294117647 0.6502166666666667 0.24349632352941175
5 0.42046354166666666 0.24600735294117648 0.42758333333333337 0.16144485294117647 0.36967083333333334 0.15893382352941177 0.34688541666666667 0.24516911764705884 0.42046354166666666 0.24600735294117648
10 0.28020833333333334 0.24448529411764705 0.31354166666666666 0.24448529411764705 0.32916666666666666 0.22794117647058823 0.3333333333333333 0.21507352941176472 0.33125 0.1948529411764706 0.353125 0.16544117647058823 0.3541666666666667 0.15257352941176472 0.296875 0.18382352941176472 0.2760416666666667 0.20772058823529413 0.27395833333333336 0.22977941176470587 0.28020833333333334 0.24448529411764705
10 0.353125 0.13970588235294118 0.35104166666666664 0.11764705882352941 0.3792875 0.07949264705882353 0.371875 0.07904411764705882 0.36041666666666666 0.08639705882352941 0.34027083333333336 0.10397426470588235 0.30838125 0.11191360294117647 0.30227490416666664 0.13350670588235292 0.3125 0.15441176470588236 0.34791666666666665 0.1488970588235294 0.353125 0.13970588235294118
10 0.41215625 0.11694852941176469 0.08657291666666668 0.05479779411764705
4 0.56875 0.15441176470588236 0.5739583333333333 0.15441176470588236 0.59375 0.13786764705882354 0.60625 0.1213235294117647 0.6083333333333333 0.11764705882352941 0.6083333333333333 0.11397058823529412 0.6145833333333334 0.10294117647058823 0.6135416666666667 0.08272058823529412 0.6114583333333333 0.07904411764705882 0.596875 0.07904411764705882 0.5947916666666667 0.08088235294117647 0.5916666666666667 0.08639705882352941 0.5864583333333333 0.10294117647058823 0.571875 0.125 0.565625 0.13051470588235295 0.5645833333333333 0.14705882352941177 0.56875 0.15441176470588236
2 0.625 0.10661764705882353 0.64375 0.13419117647058823 0.653125 0.14338235294117646 0.6729166666666667 0.13970588235294118 0.68125 0.13419117647058823 0.6854166666666667 0.11029411764705882 0.684375 0.10294117647058823 0.678125 0.09926470588235294 0.6697916666666667 0.08455882352941177 0.6583333333333333 0.07352941176470588 0.63125 0.07536764705882353 0.6270833333333333 0.08088235294117647 0.6270833333333333 0.08823529411764706 0.625 0.09375 0.6239583333333333 0.10110294117647059 0.625 0.10661764705882353
0 0.0053031250000000005 0.9506231617647058 0.9989583333333333 0.9479503676470588 0.9977270833333333 0.7702389705882353 0.7666666666666667 0.27986580882352946 0.2225375 0.2810827205882353 0 0.7942904411764706 0.0053031250000000005 0.9506231617647058
6 0.7666666666666667 0.2731856617647059 0.6924239583333333 0.06474264705882353 0.31060625000000003 0.06474264705882353 0.21893958333333333 0.2598235294117647 0.7666666666666667 0.2731856617647059