5 0.6071427083333333 0.5123363970588235 0.7130947916666667 0.5081378676470588 0.6779760416666666 0.33489338235294114 0.5892854166666667 0.3390238970588235 0.6071427083333333 0.5123363970588235
5 0.7779760416666667 0.7832279411764707 0.7125 0.5070882352941176 0.6078864583333333 0.5123419117647059 0.6428572916666667 0.785329044117647 0.7779760416666667 0.7832279411764707
5 0.7773812499999999 0.7800790441176471 0.91488125 0.7863786764705882 0.8154760416666667 0.5060367647058823 0.7142854166666667 0.5123419117647059 0.7773812499999999 0.7800790441176471
5 0.28511875 0.5081378676470588 0.32619062499999996 0.33069301470588236 0.23735104166666668 0.34690073529411763 0.17738125 0.5123363970588235 0.28511875 0.5081378676470588
5 0.21428541666666667 0.7842775735294117 0.2875 0.49658823529411766 0.18154791666666667 0.5031507352941177 0.07678541666666666 0.7842775735294117 0.21428541666666667 0.7842775735294117
5 0.43035729166666664 0.1615919117647059 0.44166666666666665 0.08809375 0.3854166666666667 0.08823529411764706 0.36488125 0.1605422794117647 0.43035729166666664 0.1615919117647059
5 0.3517854166666667 0.2392886029411765 0.36488125 0.15319301470588237 0.2953864583333334 0.15651286764705882 0.271428125 0.24873897058823527 0.3517854166666667 0.2392886029411765
5 0.41964270833333334 0.24558823529411763 0.428571875 0.15949264705882352 0.3625 0.15214154411764705 0.367559375 0.15651286764705882 0.3452385416666666 0.25188970588235293 0.41964270833333334 0.24558823529411763
5 0.6529760416666667 0.24663970588235293 0.6309520833333334 0.15634191176470588 0.5669645833333333 0.16176470588235295 0.57738125 0.24453860294117646 0.6529760416666667 0.24663970588235293
5 0.651190625 0.24663970588235293 0.72738125 0.24978860294117644 0.6892854166666668 0.1552922794117647 0.6339281250000001 0.15520036764705883 0.651190625 0.24663970588235293
10 0.309375 0.15441176470588236 0.3416666666666667 0.15441176470588236 0.35520833333333335 0.13786764705882354 0.3541666666666667 0.13051470588235295 0.3625 0.10845588235294118 0.37916666666666665 0.09558823529411764 0.37916666666666665 0.08639705882352941 0.371875 0.07720588235294118 0.34270833333333334 0.10477941176470588 0.33541666666666664 0.10294117647058823 0.33125 0.0900735294117647 0.3260416666666667 0.08823529411764706 0.30520833333333336 0.125 0.30416666666666664 0.13970588235294118 0.309375 0.15441176470588236
4 0.59375 0.13786764705882354 0.6145833333333334 0.10477941176470588 0.6135416666666667 0.08272058823529412 0.609375 0.07720588235294118 0.5947916666666667 0.07904411764705882 0.584375 0.10477941176470588 0.5635416666666667 0.13419117647058823 0.5677083333333334 0.15441176470588236 0.59375 0.13786764705882354
2 0.6458333333333334 0.13786764705882354 0.6604166666666667 0.14338235294117646 0.6833333333333333 0.13419117647058823 0.684375 0.09558823529411764 0.675 0.09191176470588236 0.665625 0.07536764705882353 0.653125 0.06985294117647059 0.6270833333333333 0.08088235294117647 0.6239583333333333 0.10661764705882353 0.6458333333333334 0.13786764705882354
1 0.309375 0.4007352941176471 0.30625 0.4209558823529412 0.321875 0.43933823529411764 0.3302083333333333 0.47610294117647056 0.3645833333333333 0.4963235294117647 0.37916666666666665 0.48713235294117646 0.3885416666666667 0.47058823529411764 0.39166666666666666 0.41911764705882354 0.36666666666666664 0.29411764705882354 0.35 0.2757352941176471 0.32916666666666666 0.27389705882352944 0.3104166666666667 0.2849264705882353 0.2989583333333333 0.3069852941176471 0.29791666666666666 0.34375 0.309375 0.4007352941176471
1 0.28229166666666666 0.7518382352941176 0.31666666666666665 0.7830882352941176 0.340625 0.7867647058823529 0.35104166666666664 0.7794117647058824 0.3614583333333333 0.6856617647058824 0.315625 0.5404411764705882 0.29583333333333334 0.5128676470588235 0.25416666666666665 0.5128676470588235 0.22395833333333334 0.5680147058823529 0.22604166666666667 0.6433823529411765 0.28229166666666666 0.7518382352941176
1 0.7375 0.40808823529411764 0.7447916666666666 0.4264705882352941 0.7427083333333333 0.4522058823529412 0.7479166666666667 0.47794117647058826 0.7625 0.49816176470588236 0.775 0.5036764705882353 0.7947916666666667 0.4944852941176471 0.809375 0.4742647058823529 0.859375 0.36213235294117646 0.8645833333333334 0.3290441176470588 0.8635416666666667 0.3125 0.85625 0.2977941176470588 0.8270833333333333 0.2775735294117647 0.8052083333333333 0.27941176470588236 0.7822916666666667 0.31066176470588236 0.753125 0.39889705882352944 0.7375 0.40808823529411764
7 0.3958333333333333 0.5606617647058824 0.41041666666666665 0.5753676470588235 0.4739583333333333 0.6029411764705882 0.4791666666666667 0.5974264705882353 0.48333333333333334 0.5643382352941176 0.48020833333333335 0.46691176470588236 0.484375 0.4411764705882353 0.49583333333333335 0.4117647058823529 0.4822916666666667 0.375 0.48541666666666666 0.3602941176470588 0.5 0.3400735294117647 0.503125 0.29963235294117646 0.521875 0.24448529411764705 0.5375 0.21323529411764705 0.5614583333333333 0.13786764705882354 0.553125 0.11397058823529412 0.5479166666666667 0.11397058823529412 0.5291666666666667 0.15073529411764705 0.47291666666666665 0.27941176470588236 0.45729166666666665 0.3272058823529412 0.4552083333333333 0.3713235294117647 0.3958333333333333 0.5606617647058824
0 0.9989583333333333 0.964720588235294 0.80448125 0.2848088235294118 0.20896770833333334 0.29018198529411765 0 0.9621452205882354 0.9989583333333333 0.964720588235294
6 0.78988125 0.28738419117647057 0.6957083333333334 0.06203492647058823 0.30387083333333337 0.05185294117647059 0.21243541666666665 0.29124816176470586 0.78988125 0.28738419117647057