7 0.5674239583333333 0.25715073529411764 0.2537875 0.5938658088235294 0.190909375 0.6954136029411765 0.05 0.9981617647058824 0.24015104166666665 0.9981617647058824 0.276515625 0.9385974264705882 0.3462125 0.9466139705882353 0.423484375 0.8824779411764706 0.469696875 0.7007591911764707 0.48560625 0.6580018382352941 0.6371208333333332 0.42818014705882357 0.7159093750000001 0.3199503676470588 0.7325760416666667 0.3306397058823529 0.8424239583333333 0.17029963235294118 0.8787874999999999 0.09681066176470587 0.8833333333333333 0.00728860294117647 0.8352270833333333 0.013704044117647059 0.601515625 0.2705128676470588 0.5674239583333333 0.25715073529411764
4 0.671875 0.7959558823529411 0.6916666666666667 0.7977941176470589 0.721875 0.78125 0.7270833333333333 0.7261029411764706 0.7510416666666667 0.6139705882352942 0.7510416666666667 0.5955882352941176 0.759375 0.5698529411764706 0.7583333333333333 0.5496323529411765 0.7479166666666667 0.5220588235294118 0.728125 0.5367647058823529 0.6916666666666667 0.5974264705882353 0.6770833333333334 0.6415441176470589 0.66875 0.6966911764705882 0.6666666666666666 0.7867647058823529 0.671875 0.7959558823529411
10 0.8083333333333333 0.6139705882352942 0.8270833333333333 0.6341911764705882 0.8114583333333333 0.7922794117647058 0.815625 0.8051470588235294 0.828125 0.8088235294117647 0.834375 0.7977941176470589 0.8229166666666666 0.7775735294117647 0.828125 0.6893382352941176 0.8375 0.6838235294117647 0.8427083333333333 0.6599264705882353 0.8739583333333333 0.6452205882352942 0.8895833333333333 0.6268382352941176 0.8916666666666667 0.5955882352941176 0.884375 0.5680147058823529 0.8541666666666666 0.5275735294117647 0.8177083333333334 0.5183823529411765 0.8020833333333334 0.5257352941176471 0.79375 0.5441176470588235 0.7927083333333333 0.5827205882352942 0.8083333333333333 0.6139705882352942
4 0.22395833333333334 0.5055147058823529 0.2520833333333333 0.5018382352941176 0.259375 0.4889705882352941 0.284090625 0.4722738970588235 0.31439374999999997 0.4215 0.3385416666666667 0.3805147058823529 0.34479166666666666 0.3639705882352941 0.3458333333333333 0.34191176470588236 0.29583333333333334 0.37683823529411764 0.26875 0.40625 0.21666666666666667 0.48713235294117646 0.21770833333333334 0.5 0.22395833333333334 0.5055147058823529
8 0.33958333333333335 0.25735294117647056 0.35625 0.25919117647058826 0.371875 0.25 0.378125 0.23897058823529413 0.38229166666666664 0.22426470588235295 0.3802083333333333 0.20955882352941177 0.3927083333333333 0.1948529411764706 0.39479166666666665 0.17830882352941177 0.3875 0.16911764705882354 0.3572916666666667 0.17095588235294118 0.32916666666666666 0.19852941176470587 0.328125 0.24448529411764705 0.33958333333333335 0.25735294117647056
8 0.75 0.4724264705882353 0.7666666666666667 0.5 0.790625 0.5183823529411765 0.815625 0.5147058823529411 0.8270833333333333 0.5 0.8229166666666666 0.43933823529411764 0.8114583333333333 0.42463235294117646 0.815625 0.4007352941176471 0.7979166666666667 0.35661764705882354 0.7833333333333333 0.3474264705882353 0.75625 0.3474264705882353 0.7354166666666667 0.3805147058823529 0.7333333333333333 0.4099264705882353 0.75 0.4724264705882353
8 0.6416666666666667 0.4650735294117647 0.65625 0.49816176470588236 0.6791666666666667 0.5165441176470589 0.6947916666666667 0.5165441176470589 0.7104166666666667 0.5055147058823529 0.715625 0.4889705882352941 0.7145833333333333 0.46139705882352944 0.7114583333333333 0.43566176470588236 0.7052083333333333 0.4209558823529412 0.715625 0.40441176470588236 0.7020833333333333 0.41544117647058826 0.6708333333333333 0.40441176470588236 0.6447916666666667 0.4117647058823529 0.6385416666666667 0.4227941176470588 0.6416666666666667 0.4650735294117647
5 0.42575729166666665 0.3987849264705882 0.4348489583333333 0.35201838235294114 0.35606041666666666 0.34792830882352943 0.3181822916666667 0.5083511029411765 0.42575729166666665 0.3987849264705882
5 0.144696875 0.7689044117647059 0.22045416666666667 0.6192536764705883 0.3098489583333333 0.5163676470588235 0.21685625 0.5100275735294117 0.1212125 0.7648952205882353 0.144696875 0.7689044117647059
0 0.998484375 0.9693290441176472 0.9989583333333333 0.6940790441176471 0.8583333333333333 0.3587003676470588 0.24924270833333334 0.3025808823529412 0 0.873125 0.998484375 0.9693290441176472
2 0.4083333333333333 0.24080882352941177 0.4427083333333333 0.23161764705882354 0.46041666666666664 0.23713235294117646 0.4625 0.23161764705882354 0.453125 0.21691176470588236 0.4510416666666667 0.19669117647058823 0.4322916666666667 0.15808823529411764 0.4010416666666667 0.16176470588235295 0.39895833333333336 0.18566176470588236 0.4083333333333333 0.24080882352941177
8 0.415625 0.13419117647058823 0.415625 0.14522058823529413 0.4166666666666667 0.1488970588235294 0.41875 0.15257352941176472 0.4270833333333333 0.15257352941176472 0.4387625 0.16181433823529412 0.45265729166666663 0.16671507352941176 0.46251041666666665 0.15156617647058823 0.46041666666666664 0.13970588235294118 0.4625 0.13051470588235295 0.46770833333333334 0.11948529411764706 0.46875 0.10845588235294118 0.4666666666666667 0.10294117647058823 0.4625 0.10110294117647059 0.434375 0.10110294117647059 0.41770833333333335 0.11580882352941177 0.415625 0.11948529411764706 0.41458333333333336 0.1323529411764706 0.415625 0.13419117647058823
6 0.5287875000000001 0.2837830882352941 0.5962125 0.25171507352941175 0.751515625 0.10740992647058822 0.7242427083333334 0.06331617647058824 0.3416666666666667 0.0820220588235294 0.2522729166666667 0.2931360294117647 0.5287875000000001 0.2837830882352941
4 0.621875 0.11029411764705882 0.609375 0.12867647058823528 0.6 0.13419117647058823 0.5979166666666667 0.13786764705882354 0.5979166666666667 0.14522058823529413 0.5989583333333334 0.14705882352941177 0.6020833333333333 0.14522058823529413 0.6072916666666667 0.1488970588235294 0.61875 0.1488970588235294 0.6322916666666667 0.13786764705882354 0.6395833333333333 0.125 0.6447916666666667 0.10845588235294118 0.6447916666666667 0.09558823529411764 0.6458333333333334 0.09191176470588236 0.6416666666666667 0.08639705882352941 0.628125 0.08639705882352941 0.6260416666666667 0.08823529411764706 0.6239583333333333 0.09191176470588236 0.621875 0.11029411764705882
10 0.65625 0.14338235294117646 0.6583333333333333 0.14705882352941177 0.671875 0.15992647058823528 0.6875 0.16176470588235295 0.7010416666666667 0.15073529411764705 0.7041666666666667 0.14522058823529413 0.7041666666666667 0.13419117647058823 0.6979166666666666 0.1213235294117647 0.696875 0.11397058823529412 0.7020833333333333 0.09926470588235294 0.703125 0.0900735294117647 0.7010416666666667 0.08639705882352941 0.6989583333333333 0.08639705882352941 0.6895833333333333 0.10110294117647059 0.6875 0.10845588235294118 0.6770833333333334 0.11580882352941177 0.671875 0.11580882352941177 0.6604166666666667 0.12316176470588236 0.65625 0.13051470588235295 0.65625 0.14338235294117646
2 0.6041666666666666 0.18382352941176472 0.6072916666666667 0.19117647058823528 0.6177083333333333 0.20036764705882354 0.6261395833333334 0.22465992647058824 0.6327385416666667 0.21478492647058825 0.634375 0.20588235294117646 0.64375 0.20404411764705882 0.64375 0.20036764705882354 0.6583333333333333 0.19117647058823528 0.6614583333333334 0.18198529411764705 0.65625 0.16727941176470587 0.653125 0.16544117647058823 0.6479166666666667 0.15625 0.6427083333333333 0.15257352941176472 0.6145833333333334 0.15441176470588236 0.6083333333333333 0.15808823529411764 0.6052083333333333 0.1636029411764706 0.6052083333333333 0.1801470588235294 0.6041666666666666 0.18382352941176472