0 0.939203125 0.9898823529411764 0.8313166666666666 0.844858455882353 0.7665843750000001 0.7647647058823529 0.20408437499999998 0.7726415441176471 0.06792291666666667 0.9898823529411764 0.939203125 0.9898823529411764
5 0.349978125 0.7333713235294118 0.3743458333333333 0.649860294117647 0.316075 0.6462757352941176 0.27122395833333335 0.7371102941176471 0.349978125 0.7333713235294118
5 0.420609375 0.7346176470588235 0.4361479166666667 0.6529761029411765 0.37575833333333336 0.650016544117647 0.347153125 0.7315018382352941 0.420609375 0.7346176470588235
5 0.3743458333333333 0.6529761029411765 0.39659479166666667 0.5931470588235295 0.3482125 0.5889411764705883 0.31572187500000004 0.644875 0.3743458333333333 0.6529761029411765
8 0.39791666666666664 0.6452205882352942 0.428125 0.6470588235294118 0.4354166666666667 0.6397058823529411 0.4479166666666667 0.6047794117647058 0.44895833333333335 0.5900735294117647 0.4125 0.5919117647058824 0.4 0.5992647058823529 0.3927083333333333 0.6139705882352942 0.3927083333333333 0.6341911764705882 0.39791666666666664 0.6452205882352942
5 0.57383125 0.7354319852941176 0.6504364583333333 0.7304558823529411 0.6212979166666667 0.6558125 0.5620822916666667 0.6543621323529412 0.57383125 0.7354319852941176
5 0.652315625 0.7337720588235295 0.7176416666666667 0.7263088235294118 0.6776947916666667 0.6524963235294118 0.6241177083333334 0.6516672794117647 0.652315625 0.7337720588235295
4 0.5778791666666667 0.6015165441176471 0.5778791666666667 0.6098878676470588 0.5747854166666666 0.6135275735294118 0.5721041666666667 0.6182591911764707 0.5679791666666667 0.6218988970588235 0.5607604166666668 0.6280845588235294 0.5583333333333333 0.6341911764705882 0.5635416666666667 0.6488970588235294 0.5697916666666667 0.6488970588235294 0.5791666666666667 0.6433823529411765 0.590625 0.6323529411764706 0.5947916666666667 0.6268382352941176 0.5958333333333333 0.6213235294117647 0.6010416666666667 0.6102941176470589 0.6020833333333333 0.6066176470588235 0.6020833333333333 0.59375 0.5989583333333334 0.5863970588235294 0.5958333333333333 0.5845588235294118 0.5854166666666667 0.5845588235294118 0.578125 0.5900735294117647 0.5778791666666667 0.6015165441176471
10 0.6125 0.6286764705882353 0.6145833333333334 0.6360294117647058 0.61875 0.6433823529411765 0.625 0.6488970588235294 0.6416666666666667 0.6507352941176471 0.6541666666666667 0.6488970588235294 0.65625 0.6470588235294118 0.6583333333333333 0.6415441176470589 0.6572916666666667 0.6268382352941176 0.6552083333333333 0.6231617647058824 0.6514416666666667 0.6201011029411765 0.6455479166666667 0.6162683823529411 0.6483395833333333 0.6020367647058823 0.6510416666666666 0.5919117647058824 0.646875 0.5863970588235294 0.6395833333333333 0.5955882352941176 0.6354166666666666 0.6084558823529411 0.621875 0.6121323529411765 0.615625 0.6176470588235294 0.6125 0.6231617647058824 0.6125 0.6286764705882353
6 0.7661916666666666 0.7488437499999999 0.6748583333333333 0.575858455882353 0.3388583333333333 0.5799558823529412 0.215525 0.7664963235294118 0.7661916666666666 0.7488437499999999
8 0.6385416666666667 0.9981617647058824 0.7177083333333333 0.9981617647058824 0.7177083333333333 0.9742647058823529 0.7041666666666667 0.9301470588235294 0.703125 0.8768382352941176 0.696875 0.8566176470588235 0.6833333333333333 0.8382352941176471 0.6666666666666666 0.8272058823529411 0.6385416666666667 0.8290441176470589 0.6135416666666667 0.8786764705882353 0.621875 0.9356617647058824 0.6385416666666667 0.9981617647058824
8 0.7177083333333333 0.9025735294117647 0.7572916666666667 0.9944852941176471 0.8354166666666667 0.9963235294117647 0.834375 0.9705882352941176 0.8114583333333333 0.9209558823529411 0.803125 0.8731617647058824 0.7739583333333333 0.8308823529411765 0.7322916666666667 0.8272058823529411 0.715625 0.8621323529411765 0.7135416666666666 0.8731617647058824 0.7177083333333333 0.9025735294117647
4 0.191859375 0.9784632352941176 0.24370312500000002 0.9231176470588235 0.2989583333333333 0.8621323529411765 0.29791666666666666 0.8253676470588235 0.22916666666666666 0.875 0.17291666666666666 0.9338235294117647 0.128125 0.9963235294117647 0.16666666666666666 0.9981617647058824 0.191859375 0.9784632352941176