5 0.7757572916666666 0.7729117647058823 0.7113635416666667 0.5030055147058823 0.6068177083333333 0.49899816176470585 0.6448864583333334 0.7907757352941177 0.7757572916666666 0.7729117647058823
5 0.8113635416666667 0.49632536764705876 0.7189395833333333 0.5110238970588236 0.78125 0.7840900735294118 0.9166666666666666 0.77959375 0.8113635416666667 0.49632536764705876
5 0.22045416666666667 0.782264705882353 0.22803020833333332 0.7314908088235293 0.23560625 0.6780441176470589 0.22954583333333334 0.6713639705882353 0.215909375 0.6312775735294118 0.21666666666666667 0.5871856617647059 0.21818229166666667 0.5417555147058823 0.2431822916666667 0.51503125 0.273484375 0.5030055147058823 0.176515625 0.512360294117647 0.08106041666666666 0.7782573529411765 0.22045416666666667 0.782264705882353
5 0.28106041666666665 0.49097977941176474 0.32272708333333333 0.3426654411764706 0.23863645833333333 0.33999448529411763 0.18276562500000001 0.48997242647058825 0.28106041666666665 0.49097977941176474
5 0.3825760416666667 0.5056783088235294 0.4037875 0.33732169117647054 0.32196979166666667 0.34291360294117645 0.28863645833333335 0.5030055147058823 0.3825760416666667 0.5056783088235294
5 0.6060604166666667 0.5003345588235294 0.709090625 0.5030055147058823 0.675 0.3359852941176471 0.59185625 0.3379007352941177 0.6060604166666667 0.5003345588235294
1 0.7431822916666667 0.4522316176470588 0.7545458333333334 0.4816268382352941 0.7848489583333333 0.48964522058823534 0.8075760416666667 0.48830882352941174 0.8121208333333333 0.4816268382352941 0.8227270833333333 0.4495588235294118 0.8371208333333333 0.42016360294117644 0.8575760416666667 0.35469117647058823 0.8689395833333333 0.32796875 0.8545458333333333 0.29590073529411764 0.8333333333333334 0.27719301470588237 0.809090625 0.27719301470588237 0.7977270833333333 0.29055514705882357 0.780303125 0.31727941176470587 0.7727270833333333 0.3440018382352941 0.7405302083333333 0.43315441176470587 0.7431822916666667 0.4522316176470588
5 0.3469697916666667 0.25715073529411764 0.36439374999999996 0.15426654411764706 0.3 0.14892095588235296 0.2708333333333333 0.24598897058823532 0.3469697916666667 0.25715073529411764
5 0.426515625 0.15560294117647058 0.36590937500000004 0.14892095588235296 0.35227291666666666 0.24512500000000004 0.4204541666666667 0.2426470588235294 0.426515625 0.15560294117647058
5 0.3651510416666667 0.15560294117647058 0.380303125 0.07944117647058824 0.3295458333333333 0.07553492647058824 0.3 0.14758455882352942 0.3651510416666667 0.15560294117647058
5 0.36818229166666666 0.15560294117647058 0.430303125 0.1662922794117647 0.43409062499999995 0.08344852941176471 0.3825760416666667 0.08556066176470589 0.36818229166666666 0.15560294117647058
5 0.5742427083333334 0.2464613970588235 0.651515625 0.23443566176470587 0.6318187500000001 0.15560294117647058 0.561553125 0.15574816176470588 0.5742427083333334 0.2464613970588235
5 0.5704541666666666 0.15693933823529413 0.6287874999999999 0.14625 0.61439375 0.08478492647058823 0.56060625 0.08890441176470587 0.5704541666666666 0.15693933823529413
5 0.6545458333333334 0.2504705882352941 0.726515625 0.2491341911764706 0.6939395833333334 0.15693933823529413 0.6363635416666666 0.15574816176470588 0.6545458333333334 0.2504705882352941
2 0.6547114583333333 0.06824448529411764 0.6281322916666666 0.07373713235294117 0.6256678885416667 0.10344159926470588 0.6542958333333334 0.14442095588235293 0.6833666666666667 0.13489889705882355 0.6875197916666667 0.10230514705882354 0.6547114583333333 0.06824448529411764
7 0.39669062499999996 0.5584319852941176 0.4043177083333333 0.574125 0.4327052083333333 0.5838400735294117 0.47888854166666667 0.6010275735294117 0.4780416666666667 0.5868290441176471 0.48058333333333336 0.5599264705882353 0.48143125 0.5195735294117647 0.48143125 0.48071323529411764 0.4793125 0.4306433823529412 0.4848208333333333 0.43811764705882356 0.49753125 0.4171930147058824 0.49202291666666664 0.39253125 0.482278125 0.3745955882352941 0.48397291666666664 0.35666176470588234 0.4954135416666666 0.35367279411764707 0.5038875 0.33723161764705883 0.5034635416666666 0.3125698529411765 0.5038875 0.29538235294117643 0.5144791666666666 0.2677334558823529 0.5242249999999999 0.23784007352941175 0.5339697916666667 0.2258841911764706 0.5500708333333333 0.16684742647058823 0.5568500000000001 0.14965992647058823 0.5606635416666667 0.13172426470588236 0.555578125 0.12798713235294118 0.549646875 0.1272408088235294 0.55049375 0.11528308823529411 0.5441385416666668 0.11378860294117647 0.5377833333333334 0.12425183823529412 0.5305802083333334 0.14293382352941175 0.5216822916666667 0.1646047794117647 0.5110895833333333 0.1915073529411765 0.498803125 0.21915808823529412 0.4877864583333333 0.24157720588235296 0.45643229166666666 0.33050551470588235 0.4530427083333333 0.38281617647058824 0.4441447916666667 0.39850919117647055 0.4310104166666667 0.43438051470588235 0.39669062499999996 0.5572297794117647 0.39669062499999996 0.5584319852941176
1 0.34765 0.6423731617647059 0.318971875 0.5569448529411765 0.30941145833333333 0.5220992647058823 0.266075 0.5018676470588236 0.22146354166666665 0.5524485294117647 0.22337604166666666 0.6322555147058824 0.26288854166666664 0.7154356617647059 0.297185271875 0.7653546268382353 0.3298052083333333 0.7536525735294118 0.3463760416666667 0.7412886029411765 0.36167083333333333 0.6817150735294117 0.34765 0.6423731617647059
0 0 0.8049797794117647 0 0.9626488970588236 0.07803020833333334 0.9679926470588235 0.4022729166666667 0.9981617647058824 0.78939375 0.9981617647058824 0.9931822916666667 0.9880349264705882 0.9989583333333333 0.8971764705882354 0.9939395833333333 0.7528694852941176 0.8522729166666667 0.42684375 0.8757572916666666 0.32395955882352945 0.8712125000000001 0.2878823529411765 0.8439395833333333 0.2531433823529412 0.8 0.2678400735294118 0.7742427083333333 0.28921875 0.21287916666666667 0.28921875 0 0.8049797794117647
6 0.775 0.23310110294117647 0.709090625 0.050045955882352944 0.30303020833333333 0.03267463235294117 0.21401562500000001 0.2660422794117647 0.775 0.23310110294117647