8 0.7197916666666667 0.4742647058823529 0.7458333333333333 0.5018382352941176 0.775 0.5018382352941176 0.7864583333333334 0.48713235294117646 0.7895833333333333 0.47794117647058826 0.7791666666666667 0.41544117647058826 0.778125 0.37683823529411764 0.7614583333333333 0.34558823529411764 0.746875 0.3382352941176471 0.7197916666666667 0.3382352941176471 0.696875 0.37316176470588236 0.696875 0.40441176470588236 0.7197916666666667 0.4742647058823529
7 0.39772708333333334 0.5384172794117648 0.39621249999999997 0.5477702205882353 0.4375 0.5588235294117647 0.4479166666666667 0.5753676470588235 0.45 0.59375 0.47604166666666664 0.6029411764705882 0.48020833333333335 0.5955882352941176 0.4791666666666667 0.5772058823529411 0.48333333333333334 0.5735294117647058 0.484375 0.4485294117647059 0.49583333333333335 0.41544117647058826 0.49583333333333335 0.4025735294117647 0.48541666666666666 0.3786764705882353 0.5 0.3400735294117647 0.49895833333333334 0.32536764705882354 0.50625 0.29044117647058826 0.5447916666666667 0.19301470588235295 0.559375 0.14154411764705882 0.559375 0.12867647058823528 0.5479166666666667 0.125 0.4739583333333333 0.27941176470588236 0.4552083333333333 0.34191176470588236 0.4552083333333333 0.38235294117647056 0.4395833333333333 0.41911764705882354 0.42916666666666664 0.4650735294117647 0.40606041666666665 0.5183731617647059 0.39772708333333334 0.5384172794117648
5 0.6454541666666667 0.785608455882353 0.7787875 0.785608455882353 0.7128791666666667 0.5023400735294118 0.6098489583333334 0.5066838235294118 0.6454541666666667 0.785608455882353
5 0.775 0.785608455882353 0.9068177083333333 0.7802628676470589 0.8234843749999999 0.5090202205882353 0.719696875 0.5076838235294118 0.775 0.785608455882353
5 0.7068177083333332 0.5010036764705882 0.6727270833333333 0.33398345588235295 0.5893937499999999 0.33398345588235295 0.6121208333333333 0.5116930147058824 0.7068177083333332 0.5010036764705882
5 0.38560625000000004 0.5143658088235294 0.40681770833333336 0.3379908088235294 0.3272729166666667 0.342 0.2848489583333333 0.5036764705882353 0.38560625000000004 0.5143658088235294
5 0.280303125 0.5050128676470588 0.319696875 0.3379908088235294 0.23863645833333333 0.33288786764705885 0.17424270833333333 0.5023400735294118 0.280303125 0.5050128676470588
5 0.35075729166666664 0.7789264705882353 0.38636354166666664 0.5116930147058824 0.282196875 0.5033419117647059 0.21818229166666667 0.7802628676470589 0.35075729166666664 0.7789264705882353
5 0.21969687499999999 0.7655643382352941 0.28181770833333336 0.5050128676470588 0.17424270833333333 0.5150404411764706 0.073484375 0.7869430147058823 0.21969687499999999 0.7655643382352941
5 0.5732750000000001 0.25037132352941177 0.6465270833333334 0.24154411764705883 0.628328125 0.16129779411764705 0.56929375 0.15877389705882353 0.5732750000000001 0.25037132352941177
5 0.72796875 0.24314889705882353 0.70795 0.18858088235294115 0.6902052083333333 0.15327389705882352 0.6329916666666667 0.15777022058823528 0.650621875 0.24314889705882353 0.72796875 0.24314889705882353
5 0.6938447916666667 0.15568014705882352 0.6679114583333334 0.08024816176470588 0.6142239583333333 0.07647610294117647 0.630603125 0.15487867647058826 0.6938447916666667 0.15568014705882352
5 0.6255979166666666 0.1508658088235294 0.612403125 0.08987867647058823 0.5596260416666666 0.08751654411764706 0.568725 0.15648345588235293 0.6255979166666666 0.1508658088235294
5 0.41949166666666665 0.25197610294117645 0.4295010416666667 0.15888970588235296 0.368534375 0.15648345588235293 0.34669479166666667 0.24876654411764706 0.41949166666666665 0.25197610294117645
5 0.36898958333333337 0.15969301470588237 0.3812739583333334 0.08907536764705883 0.32986041666666666 0.08450551470588234 0.3084770833333333 0.1500625 0.36898958333333337 0.15969301470588237