7 0.2375 0.16911764705882354 0.23229166666666667 0.17279411764705882 0.23125 0.18382352941176472 0.2375 0.22058823529411764 0.24791666666666667 0.23713235294117646 0.26145833333333335 0.24448529411764705 0.296875 0.29411764705882354 0.303125 0.3235294117647059 0.31145833333333334 0.3400735294117647 0.6333333333333333 0.7977941176470589 0.6572916666666667 0.8860294117647058 0.6729166666666667 0.9209558823529411 0.7083333333333334 0.9558823529411765 0.7395833333333334 0.9466911764705882 0.7625 0.9779411764705882 0.8135416666666667 0.9871323529411765 0.8458333333333333 0.9816176470588235 0.8489583333333334 0.9632352941176471 0.8447916666666667 0.9375 0.840625 0.9356617647058824 0.8177083333333334 0.8621323529411765 0.7885416666666667 0.7941176470588235 0.7645833333333333 0.7573529411764706 0.6104166666666667 0.5569852941176471 0.5791666666666667 0.5202205882352942 0.540625 0.49080882352941174 0.24791666666666667 0.10661764705882353 0.234375 0.09375 0.22083333333333333 0.09558823529411764 0.21979166666666666 0.10110294117647059 0.21979166666666666 0.125 0.2375 0.16911764705882354
5 0.3477270833333333 0.785189338235294 0.38712083333333336 0.507266544117647 0.2848489583333333 0.5032573529411765 0.2869322916666667 0.5050128676470588 0.21287916666666667 0.7905330882352941 0.3477270833333333 0.785189338235294
5 0.21742395833333333 0.7932058823529412 0.2848489583333333 0.501920955882353 0.175 0.501920955882353 0.17897708333333334 0.5066838235294118 0.08257604166666667 0.777170955882353 0.21742395833333333 0.7932058823529412
5 0.28560625 0.5112738970588235 0.3174239583333333 0.3536066176470588 0.30075729166666665 0.3429172794117647 0.240909375 0.33356433823529413 0.23484895833333336 0.3295551470588235 0.23863645833333333 0.33288786764705885 0.175 0.5139466911764705 0.28560625 0.5112738970588235
5 0.7068177083333332 0.4992481617647059 0.705303125 0.4992481617647059 0.6780302083333333 0.33089154411764704 0.5878791666666667 0.3429172794117647 0.6070072916666667 0.5066838235294118 0.7068177083333332 0.4992481617647059
5 0.7810604166666667 0.7825165441176472 0.9174239583333333 0.7798437500000001 0.8136364583333333 0.5032573529411765 0.7130677083333333 0.5083547794117648 0.7810604166666667 0.7825165441176472
8 0.7072916666666667 0.40441176470588236 0.715625 0.4540441176470588 0.7291666666666666 0.48161764705882354 0.74375 0.4963235294117647 0.7583333333333333 0.4852941176470588 0.7666666666666667 0.49816176470588236 0.784375 0.4834558823529412 0.778125 0.37683823529411764 0.765625 0.3602941176470588 0.7614583333333333 0.34558823529411764 0.7229166666666667 0.33639705882352944 0.7010416666666667 0.375 0.7 0.3897058823529412 0.7072916666666667 0.40441176470588236
0 0.010606250000000001 0.920233455882353 0.6886364583333333 0.9456194852941177 0.9989583333333333 0.9416121323529412 0.9989583333333333 0.7879522058823529 0.8204541666666666 0.34968933823529413 0.7560604166666667 0.2762003676470588 0.19015104166666666 0.2747720588235294 0.004545833333333333 0.7811801470588235 0.010606250000000001 0.920233455882353
6 0.755303125 0.26265625 0.6863635416666667 0.04886948529411765 0.30303020833333333 0.05822242647058823 0.209090625 0.2639926470588235 0.755303125 0.26265625
2 0.37916666666666665 0.22977941176470587 0.4166666666666667 0.21875 0.41354166666666664 0.21323529411764705 0.415625 0.18382352941176472 0.4 0.14522058823529413 0.37083333333333335 0.14705882352941177 0.36770833333333336 0.15257352941176472 0.37083333333333335 0.20036764705882354 0.37916666666666665 0.22977941176470587
8 0.31875 0.125 0.32083333333333336 0.14522058823529413 0.3302083333333333 0.15441176470588236 0.3614583333333333 0.15257352941176472 0.36770833333333336 0.13970588235294118 0.37987708333333337 0.09634375 0.37589791666666666 0.08481617647058824 0.34270833333333334 0.08639705882352941 0.33541666666666664 0.09375 0.3260416666666667 0.08823529411764706 0.3177083333333333 0.10661764705882353 0.3145833333333333 0.12316176470588236 0.31875 0.125
8 0.3875 0.13970588235294118 0.4010416666666667 0.13970588235294118 0.4083333333333333 0.15257352941176472 0.415625 0.15257352941176472 0.42916666666666664 0.13970588235294118 0.4375 0.09558823529411764 0.4270833333333333 0.08639705882352941 0.403125 0.08639705882352941 0.3854166666666667 0.10477941176470588 0.38333333333333336 0.12316176470588236 0.3875 0.13970588235294118
4 0.6052083333333333 0.2261029411764706 0.6229166666666667 0.19669117647058823 0.6291666666666667 0.16911764705882354 0.628125 0.1488970588235294 0.60625 0.1488970588235294 0.5989583333333334 0.19117647058823528 0.5760416666666667 0.21691176470588236 0.5791666666666667 0.24632352941176472 0.6052083333333333 0.2261029411764706
4 0.65625 0.24632352941176472 0.6833333333333333 0.22058823529411764 0.696875 0.18933823529411764 0.6947916666666667 0.15073529411764705 0.6895833333333333 0.14522058823529413 0.6739583333333333 0.15073529411764705 0.6708333333333333 0.16176470588235295 0.6760416666666667 0.17095588235294118 0.6739583333333333 0.18198529411764705 0.65 0.22058823529411764 0.6489583333333333 0.23345588235294118 0.65625 0.24632352941176472
5 0.5633666666666667 0.15495220588235292 0.6263229166666666 0.14624448529411765 0.6158302083333334 0.08201654411764706 0.5601260416666667 0.08060110294117648 0.5633666666666667 0.15495220588235292
5 0.6324947916666667 0.15386397058823528 0.6855760416666666 0.13971323529411767 0.6713802083333333 0.08636948529411764 0.6241625000000001 0.08332536764705882 0.6324947916666667 0.15386397058823528