5 0.24848437499999998 0.9981617647058824 0.31666666666666665 0.82903125 0.22045416666666667 0.8317040441176471 0.127840625 0.9979944852941176 0.24848437499999998 0.9981617647058824
5 0.25303020833333334 0.9947169117647059 0.36818229166666666 0.9981617647058824 0.4037875 0.8330404411764706 0.31439374999999997 0.8292113970588235 0.25303020833333334 0.9947169117647059
5 0.6219697916666667 0.9973878676470588 0.7439395833333333 0.9981617647058824 0.6825760416666667 0.8250220588235294 0.592803125 0.8292113970588235 0.6219697916666667 0.9973878676470588
5 0.7462125000000001 0.9981617647058824 0.865909375 0.9981617647058824 0.7719697916666667 0.82903125 0.688446875 0.8275404411764706 0.7462125000000001 0.9981617647058824
0 0.20931770833333332 0.7689044117647059 0.05931770833333334 0.9981617647058824 0.9515156250000001 0.9981617647058824 0.7825760416666667 0.782264705882353 0.22045416666666667 0.7715753676470589 0.20931770833333332 0.7689044117647059
10 0.28229166666666666 0.7316176470588235 0.31875 0.7297794117647058 0.33229166666666665 0.7150735294117647 0.33958333333333335 0.6838235294117647 0.35833333333333334 0.6691176470588235 0.36875 0.6525735294117647 0.3572916666666667 0.6525735294117647 0.328125 0.6801470588235294 0.29791666666666666 0.6838235294117647 0.28020833333333334 0.7058823529411765 0.2791666666666667 0.7261029411764706 0.28229166666666666 0.7316176470588235
10 0.32154166666666667 0.6465441176470589 0.3257083333333333 0.6502205882352942 0.33716666666666667 0.6520588235294118 0.3595833333333333 0.6429338235294118 0.36241666666666666 0.63940625 0.3652916666666667 0.6263235294117647 0.367375 0.6226470588235294 0.36775 0.62059375 0.36916666666666664 0.6172132352941176 0.3715 0.6154485294117646 0.37725000000000003 0.6097169117647059 0.3878333333333333 0.6008970588235294 0.39091666666666663 0.5948713235294117 0.38808333333333334 0.589875 0.3748333333333333 0.5977279411764705 0.36824999999999997 0.6028713235294118 0.36491666666666667 0.6055183823529412 0.362 0.6093400735294118 0.35933333333333334 0.61265625 0.3426666666666666 0.6122794117647059 0.3363333333333333 0.614483455882353 0.32779166666666665 0.6171323529411765 0.3205 0.6318382352941176 0.31945833333333334 0.6391911764705883 0.32154166666666667 0.6465441176470589
10 0.38125 0.6452205882352942 0.3885416666666667 0.6507352941176471 0.390625 0.6488970588235294 0.3958333333333333 0.6507352941176471 0.41041666666666665 0.6488970588235294 0.42291666666666666 0.6378676470588235 0.4270833333333333 0.6121323529411765 0.434375 0.6047794117647058 0.4427083333333333 0.6011029411764706 0.44375 0.5919117647058824 0.4427083333333333 0.5882352941176471 0.43854166666666666 0.5863970588235294 0.42604166666666665 0.5955882352941176 0.41875 0.6084558823529411 0.41354166666666664 0.6121323529411765 0.39166666666666666 0.6139705882352942 0.38229166666666664 0.6231617647058824 0.37916666666666665 0.6341911764705882 0.38125 0.6452205882352942
4 0.5604166666666667 0.6397058823529411 0.5614583333333333 0.6452205882352942 0.5635416666666667 0.6488970588235294 0.5677083333333334 0.6488970588235294 0.578125 0.6415441176470589 0.5916666666666667 0.6286764705882353 0.596875 0.6194852941176471 0.5979166666666667 0.6139705882352942 0.6020833333333333 0.6066176470588235 0.6020833333333333 0.5955882352941176 0.6010416666666667 0.5900735294117647 0.5979166666666667 0.5863970588235294 0.5875 0.5863970588235294 0.5864583333333333 0.5882352941176471 0.5833333333333334 0.5882352941176471 0.5802083333333333 0.5974264705882353 0.58125 0.6029411764705882 0.5739583333333333 0.6158088235294118 0.5614583333333333 0.625 0.5604166666666667 0.6268382352941176 0.5604166666666667 0.6397058823529411
2 0.6114583333333333 0.6066176470588235 0.634375 0.6341911764705882 0.6385416666666667 0.6378676470588235 0.6489583333333333 0.6378676470588235 0.6614583333333334 0.6341911764705882 0.665625 0.6305147058823529 0.6666666666666666 0.6066176470588235 0.659375 0.6011029411764706 0.6520833333333333 0.5900735294117647 0.6375 0.5790441176470589 0.6145833333333334 0.5827205882352942 0.6114583333333333 0.5863970588235294 0.6114583333333333 0.6066176470588235
5 0.41843125000000003 0.7316176470588235 0.43669270833333335 0.6508051470588235 0.376596875 0.6508051470588235 0.34937083333333335 0.7298621323529412 0.41843125000000003 0.7316176470588235
5 0.5646208031250001 0.6554753180147059 0.5784666666666667 0.7345459558823529 0.6475270833333333 0.7339613970588235 0.6196364583333334 0.6537334558823529 0.5646208031250001 0.6554753180147059
5 0.622459375 0.6573988970588235 0.65068125 0.7317702205882354 0.71775 0.7317702205882354 0.6785708333333333 0.6503713235294118 0.6207989583333333 0.6497849264705883 0.622459375 0.6573988970588235
6 0.7572375 0.7564761029411765 0.6708739583333333 0.5663198529411764 0.33275520833333333 0.5603455882352941 0.22099062500000002 0.7514981617647059 0.7572375 0.7564761029411765