8 0.63125 0.9981617647058824 0.7052083333333333 0.9981617647058824 0.7010416666666667 0.9466911764705882 0.696875 0.9209558823529411 0.69375 0.9209558823529411 0.6927083333333334 0.8970588235294118 0.696875 0.8878676470588235 0.6885416666666667 0.8768382352941176 0.6875 0.8621323529411765 0.6760416666666667 0.8327205882352942 0.6604166666666667 0.8235294117647058 0.6322916666666667 0.8235294117647058 0.6145833333333334 0.8547794117647058 0.6149520833333334 0.8678841911764706 0.6101572916666667 0.8836709558823529 0.63125 0.9981617647058824
8 0.7125 0.8970588235294118 0.7520833333333333 0.9944852941176471 0.8229166666666666 0.9981617647058824 0.821875 0.9705882352941176 0.8104166666666667 0.9393382352941176 0.809375 0.9227941176470589 0.7989583333333333 0.9080882352941176 0.796875 0.8768382352941176 0.7666666666666667 0.8253676470588235 0.7260416666666667 0.8216911764705882 0.7177083333333333 0.8529411764705882 0.7104166666666667 0.8602941176470589 0.7083333333333334 0.875 0.7125 0.8970588235294118
7 0.46770833333333334 0.9981617647058824 0.46770833333333334 0.9669117647058824 0.4875 0.9099264705882353 0.48541666666666666 0.8988970588235294 0.5010416666666667 0.7720588235294118 0.5375 0.6727941176470589 0.5447916666666667 0.6378676470588235 0.5416666666666666 0.625 0.5322916666666667 0.6305147058823529 0.5 0.7022058823529411 0.4739583333333333 0.7444852941176471 0.465625 0.7775735294117647 0.44583333333333336 0.8198529411764706 0.44166666666666665 0.8676470588235294 0.4125 0.96875 0.4041666666666667 0.9852941176470589 0.4010416666666667 0.9981617647058824 0.46770833333333334 0.9981617647058824
5 0.3599 0.9971636029411765 0.3927333333333333 0.8327132352941176 0.300459375 0.8307150735294118 0.24498124999999998 0.9971636029411765 0.3599 0.9971636029411765
5 0.23875416666666668 0.9981617647058824 0.2981947916666667 0.8307150735294118 0.21271354166666667 0.8307150735294118 0.12100416666666666 0.9934650735294118 0.23875416666666668 0.9981617647058824
8 0.296875 0.7297794117647058 0.303125 0.7334558823529411 0.3145833333333333 0.7334558823529411 0.32916666666666666 0.7279411764705882 0.3375 0.71875 0.34375 0.7077205882352942 0.346875 0.6966911764705882 0.34791666666666665 0.6801470588235294 0.35520833333333335 0.6727941176470589 0.3541666666666667 0.65625 0.353125 0.6525735294117647 0.35 0.6507352941176471 0.328125 0.6488970588235294 0.30520833333333336 0.6654411764705882 0.3020833333333333 0.6654411764705882 0.29791666666666666 0.6691176470588235 0.2947916666666667 0.6801470588235294 0.2947916666666667 0.6893382352941176 0.290625 0.7003676470588235 0.28958333333333336 0.7205882352941176 0.296875 0.7297794117647058
8 0.3875 0.6397058823529411 0.39375 0.6452205882352942 0.41041666666666665 0.6470588235294118 0.4114583333333333 0.6452205882352942 0.4197916666666667 0.6452205882352942 0.425 0.6415441176470589 0.43125 0.6286764705882353 0.43854166666666666 0.6029411764705882 0.43854166666666666 0.5974264705882353 0.434375 0.5900735294117647 0.40625 0.5882352941176471 0.396875 0.59375 0.390625 0.59375 0.3875 0.5974264705882353 0.3854166666666667 0.6047794117647058 0.38333333333333336 0.6231617647058824 0.3875 0.6397058823529411
2 0.5614583333333333 0.6470588235294118 0.5645833333333333 0.6691176470588235 0.5916666666666667 0.7132352941176471 0.6239583333333333 0.7040441176470589 0.6270833333333333 0.7003676470588235 0.628125 0.6966911764705882 0.625 0.6838235294117647 0.625 0.6727941176470589 0.6177083333333333 0.6636029411764706 0.6125 0.6507352941176471 0.6041666666666666 0.6452205882352942 0.6 0.6360294117647058 0.5916666666666667 0.6341911764705882 0.5635416666666667 0.6397058823529411 0.5614583333333333 0.6415441176470589 0.5614583333333333 0.6470588235294118
10 0.6395833333333333 0.6746323529411765 0.634375 0.6783088235294118 0.63826875 0.67959375 0.6333 0.6871617647058823 0.6333333333333333 0.7077205882352942 0.6427083333333333 0.7224264705882353 0.659375 0.7297794117647058 0.6791666666666667 0.7279411764705882 0.6864583333333333 0.7205882352941176 0.6875 0.7058823529411765 0.684375 0.6893382352941176 0.6739583333333333 0.6819852941176471 0.6697916666666667 0.6746323529411765 0.6708333333333333 0.6691176470588235 0.6697916666666667 0.6654411764705882 0.6729166666666667 0.65625 0.671875 0.6433823529411765 0.6697916666666667 0.6397058823529411 0.665625 0.6397058823529411 0.6619833333333334 0.6481231617647059 0.65814375 0.6513106617647059 0.6579177083333333 0.6596764705882352 0.6574666666666666 0.670829044117647 0.6395833333333333 0.6746323529411765
10 0.6072916666666667 0.6286764705882353 0.6145833333333334 0.6397058823529411 0.6177083333333333 0.6415441176470589 0.634375 0.6452205882352942 0.6354166666666666 0.6433823529411765 0.6447916666666667 0.6433823529411765 0.6479166666666667 0.6415441176470589 0.6520833333333333 0.6323529411764706 0.6510416666666666 0.625 0.6489583333333333 0.6194852941176471 0.6458333333333334 0.6158088235294118 0.6427083333333333 0.5863970588235294 0.640625 0.5845588235294118 0.6375 0.5845588235294118 0.6235333333333333 0.5933033088235294 0.6171010416666667 0.5989761029411765 0.6101333333333333 0.6044595588235294 0.6072916666666667 0.6286764705882353
0 0.7621520833333334 0.7734558823529412 0.19739583333333333 0.76609375 0.19739583333333333 0.7710022886029412 0.19590520833333333 0.7703014705882353 0.05558125 0.9981617647058824 0.9273447916666666 0.9953915441176472 0.7621520833333334 0.7734558823529412
6 0.7561885416666667 0.7524191176470588 0.6625593750000001 0.573608455882353 0.3256145833333333 0.5651930147058823 0.20932291666666666 0.7492647058823529 0.7561885416666667 0.7524191176470588
4 0.5541666666666667 0.6323529411764706 0.55625 0.6397058823529411 0.5583333333333333 0.6415441176470589 0.5614583333333333 0.6415441176470589 0.565625 0.6360294117647058 0.5708333333333333 0.6360294117647058 0.5802083333333333 0.6305147058823529 0.5864583333333333 0.6231617647058824 0.5947916666666667 0.6066176470588235 0.5947916666666667 0.5827205882352942 0.5927083333333333 0.5790441176470589 0.584375 0.5790441176470589 0.578125 0.5827205882352942 0.5739583333333333 0.5900735294117647 0.5739583333333333 0.5955882352941176 0.5677083333333334 0.6121323529411765 0.5552083333333333 0.6213235294117647 0.5541666666666667 0.625 0.5541666666666667 0.6323529411764706
5 0.4105552083333333 0.7296488970588235 0.42535 0.6483841911764706 0.36722708333333337 0.6500992647058823 0.34123125 0.7281580882352942 0.4105552083333333 0.7296488970588235
5 0.36701562499999996 0.6439117647058824 0.38519270833333336 0.5902316176470589 0.33869479166666666 0.5866930147058823 0.30825937499999995 0.6461470588235294 0.36701562499999996 0.6439117647058824