1 0.29733333333333334 0.8283582089552238 0.31466666666666665 0.8507462686567164 0.35733333333333334 0.8383084577114428 0.364 0.7288557213930348 0.3453333333333333 0.6741293532338308 0.32133333333333336 0.654228855721393 0.32266666666666666 0.6069651741293532 0.316 0.5796019900497512 0.2866666666666667 0.5572139303482587 0.26 0.5597014925373134 0.23733333333333334 0.582089552238806 0.22666666666666666 0.6119402985074627 0.228 0.6840796019900498 0.29733333333333334 0.8283582089552238
5 0.7019053333333333 0.37498009950248756 0.692 0.4261243781094527 0.7232386666666666 0.5454626865671642 0.8268573333333333 0.5454626865671642 0.7681906666666667 0.35650995024875626 0.679048 0.3574975124378109 0.7019053333333333 0.37498009950248756
8 0.7653333333333333 0.6716417910447762 0.7693333333333333 0.7064676616915423 0.7933333333333333 0.7786069651741293 0.832 0.8258706467661692 0.8626666666666667 0.8283582089552238 0.872 0.8159203980099502 0.8786666666666667 0.7860696517412935 0.8733333333333333 0.7736318407960199 0.88 0.7587064676616916 0.8773333333333333 0.7263681592039801 0.852 0.6666666666666666 0.8546666666666667 0.6119402985074627 0.8386666666666667 0.5746268656716418 0.8093333333333333 0.5522388059701493 0.7813333333333333 0.5522388059701493 0.7533333333333333 0.6044776119402985 0.7533333333333333 0.6467661691542289 0.7653333333333333 0.6716417910447762
10 0.6666666666666666 0.654228855721393 0.6666666666666666 0.6766169154228856 0.6413333333333333 0.8084577114427861 0.6426666666666667 0.8233830845771144 0.6546666666666666 0.8333333333333334 0.6653333333333333 0.8109452736318408 0.664 0.7835820895522388 0.6786666666666666 0.7189054726368159 0.6826666666666666 0.6716417910447762 0.6893333333333334 0.6616915422885572 0.704 0.6691542288557214 0.72 0.6616915422885572 0.7333333333333333 0.6368159203980099 0.7333333333333333 0.6094527363184079 0.7173333333333334 0.5597014925373134 0.688 0.5398009950248757 0.6666666666666666 0.5422885572139303 0.6533333333333333 0.5572139303482587 0.648 0.5945273631840796 0.6506666666666666 0.6218905472636815 0.6666666666666666 0.654228855721393
2 0.624 0.4975124378109453 0.652 0.5149253731343284 0.676 0.5174129353233831 0.6933333333333334 0.4427860696517413 0.6933333333333334 0.3805970149253731 0.6453333333333333 0.36069651741293535 0.624 0.44776119402985076 0.62 0.4900497512437811 0.624 0.4975124378109453
10 0.18533333333333332 0.5398009950248757 0.2613333333333333 0.44029850746268656 0.2826666666666667 0.44029850746268656 0.30266666666666664 0.4253731343283582 0.31333333333333335 0.40298507462686567 0.31066666666666665 0.3706467661691542 0.296 0.35572139303482586 0.25866666666666666 0.3656716417910448 0.24266666666666667 0.39800995024875624 0.24666666666666667 0.42786069651741293 0.17733333333333334 0.5199004975124378 0.176 0.5348258706467661 0.18533333333333332 0.5398009950248757
2 0.15333333333333332 0.7761194029850746 0.17466666666666666 0.7761194029850746 0.22266666666666668 0.6766169154228856 0.22533333333333333 0.5870646766169154 0.21733333333333332 0.5696517412935324 0.19733333333333333 0.5597014925373134 0.16133333333333333 0.6044776119402985 0.10666666666666667 0.7164179104477612 0.15333333333333332 0.7761194029850746
4 0.3108573333333333 0.5344179104477612 0.328 0.5223880597014925 0.404 0.40049751243781095 0.4106666666666667 0.3656716417910448 0.4026666666666667 0.36069651741293535 0.38266666666666665 0.3756218905472637 0.33466666666666667 0.43034825870646765 0.288 0.5202114427860697 0.3108573333333333 0.5344179104477612
0 0.004736 0.8637437810945274 0.9986666666666667 0.8460796019900498 0.7970093333333332 0.33865422885572144 0.20237466666666667 0.3237412935323383 0.004736 0.8637437810945274
7 0.424124 0.6036094527363184 0.432 0.5895522388059702 0.44533333333333336 0.5945273631840796 0.45866666666666667 0.6194029850746269 0.48133333333333334 0.6318407960199005 0.4826666666666667 0.4900497512437811 0.5 0.43781094527363185 0.49066666666666664 0.39054726368159204 0.504 0.36069651741293535 0.5093333333333333 0.31592039800995025 0.5506666666666666 0.21144278606965175 0.56 0.14925373134328357 0.552 0.1417910447761194 0.5226666666666666 0.21641791044776118 0.48533333333333334 0.2860696517412935 0.46 0.3656716417910448 0.46 0.40298507462686567 0.43066666666666664 0.4975124378109453 0.3965666666666667 0.5955796019900498 0.424124 0.6036094527363184
10 0.364 0.26865671641791045 0.39466666666666667 0.26616915422885573 0.408 0.2537313432835821 0.4106666666666667 0.24129353233830847 0.4008733333333333 0.22143283582089554 0.4051786666666667 0.22464427860696518 0.40690133333333334 0.19092288557213932 0.42 0.1890547263681592 0.42933333333333334 0.18159203980099503 0.42933333333333334 0.16666666666666666 0.424 0.16417910447761194 0.38533333333333336 0.2064676616915423 0.3626666666666667 0.21144278606965175 0.3506666666666667 0.23134328358208955 0.352 0.25870646766169153 0.364 0.26865671641791045
10 0.2866666666666667 0.26616915422885573 0.31466666666666665 0.24378109452736318 0.348 0.20398009950248755 0.3741773333333333 0.16201990049751244 0.32133333333333336 0.17661691542288557 0.32 0.1865671641791045 0.2946666666666667 0.208955223880597 0.27466666666666667 0.24129353233830847 0.27466666666666667 0.26616915422885573 0.2866666666666667 0.26616915422885573
6 0.7927040000000001 0.3402611940298507 0.6996973333333334 0.05764427860696517 0.3070053333333333 0.04961442786069652 0.20624933333333334 0.30975124378109453 0.7927040000000001 0.3402611940298507
10 0.5866666666666667 0.17164179104477612 0.6106666666666667 0.1691542288557214 0.618748 0.14435572139303482 0.61272 0.12348009950248758 0.6173333333333333 0.08955223880597014 0.6013333333333334 0.11194029850746269 0.568 0.13432835820895522 0.568 0.15671641791044777 0.5866666666666667 0.17164179104477612
2 0.6786666666666666 0.24378109452736318 0.6893333333333334 0.24875621890547264 0.7173333333333334 0.23383084577114427 0.7213333333333334 0.21641791044776118 0.7186666666666667 0.19402985074626866 0.6906666666666667 0.15671641791044777 0.6533333333333333 0.16169154228855723 0.6506666666666666 0.19651741293532338 0.6786666666666666 0.24378109452736318
10 0.6373333333333333 0.16666666666666666 0.6666666666666666 0.16417910447761194 0.6826666666666666 0.1517412935323383 0.6746666666666666 0.12935323383084577 0.6773333333333333 0.10199004975124377 0.6693333333333333 0.07711442786069651 0.6613333333333333 0.11194029850746269 0.6413333333333333 0.11691542288557213 0.6333333333333333 0.1318407960199005 0.6306666666666667 0.1417910447761194 0.6373333333333333 0.16666666666666666