4 0.7996715921875001 0.8019323671875 0.8193760265625001 0.813204509375 0.85139573125 0.8164251203124999 0.86617405625 0.82608695625 0.884236453125 0.82447665 0.8899835796875 0.8180354265625001 0.8752052546875 0.7294685984375 0.8382594421875 0.5797101453125 0.8226600984375001 0.5748792265625 0.8144499171874999 0.5636070859375 0.7619047625 0.5587761671875 0.7471264375 0.5603864734374999 0.743021346875 0.571658615625 0.7405582921875 0.5925925921874999 0.7586206890625 0.7471819640625 0.7676518890625 0.79549114375 0.7996715921875001 0.8019323671875
0 0.20607553437499998 0.47665056406249995 0.228243021875 0.534621578125 0.24630541875 0.5539452500000001 0.27586206875 0.5587761671875 0.28735632187500004 0.55233494375 0.29474548437500003 0.49436392968750004 0.2807881765625 0.452495975 0.25944170781250003 0.3671497578125 0.24630541875 0.331723028125 0.23152709374999997 0.3059581328125 0.2110016421875 0.3027375203125 0.18555008281250002 0.3188405796875 0.1740558296875 0.3413848625 0.17733990156249999 0.39291465312499996 0.19458128125000002 0.41384863125000004 0.197044334375 0.44122383281250005 0.20607553437499998 0.47665056406249995
8 0.1502463046875 0.813204509375 0.17323481093749998 0.808373590625 0.1781609203125 0.7987117546875 0.1806239734375 0.774557165625 0.1929392453125 0.7665056359375 0.2085385875 0.743961353125 0.2085385875 0.7359098234375 0.220032840625 0.72463768125 0.2520525453125 0.6602254421875 0.2528735625 0.639291465625 0.24958949062500002 0.6296296296875 0.2364532015625 0.6167471812499999 0.2068965515625 0.5958132046875 0.122331690625 0.7294685984375 0.1182266015625 0.745571659375 0.11904761875 0.7600644125 0.1346469625 0.8003220609374999 0.1502463046875 0.813204509375
4 0.4195402296875 0.27375201250000003 0.422003284375 0.26892109531249997 0.4351395734375 0.157809984375 0.4310344828125 0.156199678125 0.4302134640625 0.16747182031250002 0.4195402296875 0.17069243125 0.414614121875 0.1610305953125 0.37274219999999997 0.1658615140625 0.3645320203125 0.169082125 0.36288998281249996 0.17552335 0.36288998281249996 0.1948470203125 0.3489326765625 0.2705314015625 0.39573070625 0.27536231875 0.4195402296875 0.27375201250000003
0 0.33743842343749997 0.20289855 0.33743842343749997 0.17391304375 0.32922824375 0.13687600625000002 0.3226600984375 0.06924315625000001 0.3111658453125 0.0289855078125 0.28653530312500003 0.0273752015625 0.27586206875 0.037037037499999995 0.2750410515625 0.0756843796875 0.298850575 0.1980676328125 0.309523809375 0.20772946874999998 0.33743842343749997 0.20289855
7 0.675697865625 0.27697262500000003 0.705254515625 0.27214170625 0.7036124796875 0.26570048281249997 0.7093596062499999 0.24476650625000002 0.706075534375 0.22383252812499999 0.6929392453125 0.2141706921875 0.690476190625 0.2012882453125 0.697044334375 0.1771336546875 0.69458128125 0.1626409015625 0.6888341546875 0.1642512078125 0.6822660093749999 0.190016103125 0.6699507390624999 0.2012882453125 0.6584564859375 0.2012882453125 0.645320196875 0.2190016109375 0.6469622328125 0.24798711718750002 0.6551724140624999 0.2705314015625 0.675697865625 0.27697262500000003
8 0.5804597703125001 0.24959742343750002 0.5796387515625 0.23188405781250002 0.5763546796875 0.22544283437499998 0.573891625 0.23188405781250002 0.5796387515625 0.27214170625 0.6141215109375 0.2705314015625 0.5804597703125001 0.24959742343750002
8 0.6001642031250001 0.2512077296875 0.6182266015625 0.256038646875 0.629720853125 0.24154589375 0.631362890625 0.2157809984375 0.6059113296875 0.1771336546875 0.5944170765625 0.1723027375 0.5714285718750001 0.1835748796875 0.5697865359375001 0.1948470203125 0.5730706078125001 0.2157809984375 0.5878489328125001 0.2286634453125 0.6001642031250001 0.2512077296875
7 0.608299671875 0.125896940625 0.6133004921875 0.085346215625 0.5956116578125 0.11272141718749999 0.5679950734375 0.11564895312500001 0.5640394093750001 0.15297906562500002 0.5730706078125001 0.16747182031250002 0.6075533656250001 0.1658615140625 0.608299671875 0.125896940625
1 0.690476190625 0.14170692499999998 0.6740558296875 0.0982286640625 0.6617405578125 0.085346215625 0.6256157640625 0.090177134375 0.623152709375 0.10305958125 0.622331690625 0.11272141718749999 0.6502463046875 0.1626409015625 0.690476190625 0.157809984375 0.690476190625 0.14170692499999998
0 0.37274219999999997 0 0.38177339843749997 0.0982286640625 0.384236453125 0.10789049843750001 0.3932676515625 0.11755233437499998 0.4047619046875 0.119162640625 0.4195402296875 0.101449275 0.4384236453125 0.0950080515625 0.4244663375 0.0917874390625 0.417077175 0.07085346249999999 0.4121510671875 0 0.37274219999999997 0
2 0.35550082031249997 0.1433172296875 0.3596059109375 0.151368759375 0.368637109375 0.1481481484375 0.3711001640625 0.13365539375 0.357963875 0.0756843796875 0.35751642031249997 0.071731078125 0.343334975 0.07026731093750001 0.3351247953125 0.0629484703125 0.3210180625 0.0595813203125 0.3300492609375 0.12721417031249999 0.339901478125 0.1433172296875 0.35550082031249997 0.1433172296875