5 0.64133986875 0.7354330703125 0.6486928109375001 0.77795275625 0.669934640625 0.8220472437499999 0.6568627453125 0.8503937015625 0.73366013125 0.8503937015625 0.73366013125 0.83464566875 0.7434640515625001 0.80944881875 0.7459150328125 0.7811023625 0.7361111109375 0.7181102359375 0.723039215625 0.6881889765625 0.7246732031249999 0.6677165359375 0.7344771234375 0.64094488125 0.7344771234375 0.6141732281250001 0.7205882359375 0.576377953125 0.7001633984375 0.5559055125000001 0.6813725484375001 0.551181103125 0.6642156859375 0.557480315625 0.6560457515625 0.57165354375 0.6495098046875001 0.595275590625 0.633986928125 0.6141732281250001 0.6266339875 0.637795275 0.6266339875 0.6677165359375 0.6364379078125 0.6771653546875 0.634803921875 0.7307086609375 0.64133986875 0.7354330703125
3 0.26879084999999997 0.845669290625 0.29330065312500003 0.7716535437500001 0.2982026140625 0.7685039375 0.31617647031249996 0.7291338578125 0.3235294125 0.7228346453125 0.37418300625 0.62204724375 0.3864379078125 0.570078740625 0.383169934375 0.55275590625 0.3766339875 0.5496062984375001 0.3047385625 0.63464566875 0.27450980468749997 0.6866141734375 0.23366013125 0.77795275625 0.21650326875 0.823622046875 0.2173202609375 0.833070865625 0.23202614375000002 0.8519685046875001 0.26879084999999997 0.845669290625
0 0.3169934640625 0.436220471875 0.3202614375 0.44724409375 0.332516340625 0.5133858265625 0.34150326875000003 0.5259842515625001 0.35702614375 0.5354330703125 0.37745097968749997 0.5354330703125 0.3880718953125 0.5118110234375 0.39297385625 0.4692913390625 0.3766339875 0.36535433125 0.36274509843749997 0.31338582656249997 0.348856209375 0.2976377953125 0.330882353125 0.2976377953125 0.313725490625 0.3086614171875 0.30228758125 0.3322834640625 0.30228758125 0.37795275625 0.30964052343750004 0.40787401562500003 0.312091503125 0.43464566875 0.3169934640625 0.436220471875
3 0.6290849671875 0.5480314953125001 0.6454248359375 0.5433070859375 0.652777778125 0.5322834640624999 0.6544117640625 0.5039370078125 0.6838235296875 0.41889763750000003 0.685457515625 0.38110236249999996 0.6813725484375001 0.36535433125 0.6740196078125 0.35905511875 0.6225490203125 0.42834645625 0.6176470593750001 0.46614173281250004 0.60866013125 0.49763779531249996 0.6111111109375 0.5433070859375 0.6290849671875 0.5480314953125001
2 0.635620915625 0.23937007812500002 0.6405228765625 0.2551181109375 0.651143790625 0.26299212656250004 0.64460784375 0.236220471875 0.64297385625 0.2 0.6192810453125001 0.157480315625 0.60702614375 0.15433070937499999 0.579248365625 0.160629921875 0.5751633984375 0.1811023625 0.5776143796875 0.19685039375 0.6045751640625 0.24881889687499997 0.635620915625 0.23937007812500002
3 0.43055555625 0.162204725 0.42565359531249997 0.157480315625 0.40931372499999996 0.15905511875 0.3513071890625 0.236220471875 0.3529411765625 0.26299212656250004 0.3921568625 0.237795275 0.42728758125 0.18582677187500002 0.43055555625 0.162204725
5 0.348856209375 0.2519685046875 0.3529411765625 0.2314960625 0.35049019531250003 0.21102362187499998 0.36274509843749997 0.195275590625 0.364379084375 0.1811023625 0.35539215625 0.16850393749999998 0.3063725484375 0.170078740625 0.29330065312500003 0.20314960625 0.2916666671875 0.24724409375 0.3047385625 0.2645669296875 0.330065359375 0.26614173281250003 0.348856209375 0.2519685046875
0 0.6380718953125 0.18425196875 0.6421568625 0.19055118124999998 0.653594771875 0.2 0.6740196078125 0.2 0.6805555562500001 0.18582677187500002 0.6985294125 0.0803149609375 0.6985294125 0.037795275 0.6903594765625 0.026771653125 0.6666666671875 0.026771653125 0.6609477125 0.033070865625 0.653594771875 0.0566929140625 0.6454248359375 0.12283464531249999 0.634803921875 0.1417322828125 0.633986928125 0.157480315625 0.6380718953125 0.18425196875
3 0.3684640515625 0.11968503906250001 0.3790849671875 0.10236220468749999 0.3815359484375 0.0881889765625 0.3766339875 0.0803149609375 0.3611111109375 0.0850393703125 0.3276143796875 0.12598425156249998 0.3080065359375 0.1385826765625 0.3063725484375 0.1559055125 0.30882352968750004 0.16535433125000001 0.3423202609375 0.14803149531249998 0.3684640515625 0.11968503906250001
0 0.37254902031250003 0 0.3815359484375 0.0897637796875 0.383986928125 0.10078740156249999 0.3954248359375 0.1181102359375 0.4044117640625 0.1181102359375 0.41748365937500004 0.10236220468749999 0.413696078125 0.09591968437500001 0.4166666671875 0.08733070937500001 0.4181519609375 0.0830346453125 0.42854983593749996 0.08446614218750001 0.4233513078125 0.07587716562499999 0.41963725468749996 0.0730141734375 0.4158496734375 0.050393701562500004 0.41258169999999994 0 0.37254902031250003 0
0 0.5686274515624999 0 0.5661764703125 0.037795275 0.5661764703125 0.10551181093749999 0.579248365625 0.11496062968750001 0.5947712421875 0.1133858265625 0.5996732031249999 0.0944881890625 0.60620915 0 0.5686274515624999 0